00000000
00000000
00000000
00000000
00000000
00000000
3ffb2a20
00000000
00000000
00000000
00000000
00000000
00000000
00000000
00000000
00000000
00000000
00000000
00000000
00000000
00000000
43e333b0
00000000
00000000
00000000
00000000
00000000
00000000
44071f80
4359f0db
4285976f
00000000
00000000
00000000
41f51e64
43cd1ccc
43ad25a6
434c4d95
42520415
42d1344f
42158271
40f1a9dc
42e75e59
4308955e
425dec1a
4130f378
408449df
00000000
00000000
00000000
00000000
00000000
00000000
00000000
00000000
00000000
4340ac30
00000000
00000000
00000000
00000000
00000000
00000000
00000000
00000000
00000000
00000000
00000000
00000000
00000000
00000000
00000000
00000000
00000000
00000000
00000000
00000000
00000000
00000000
00000000
00000000
00000000
00000000
00000000
00000000
00000000
00000000
42f2924c
00000000
00000000
00000000
432ec40b
42b41d32
43398eec
437b1f09
42e31b92
42876445
00000000
00000000
00000000
00000000
42eb51d0
42a108ef
00000000
00000000
00000000
00000000
431a3c50
434765a3
4333c674
00000000
00000000
00000000
00000000
42dd6a63
432cbf39
42709e66
00000000
00000000
00000000
00000000
419bfa35
42cdb2ff
00000000
00000000
00000000
00000000
00000000
00000000
00000000
00000000
410c720e
00000000
00000000
00000000
41f138d7
42d2d5e4
437438a2
438724c7
00000000
43214ddf
4342b91a
43918cda
43949995
43aed9ab
43bb8b7d
42164b93
00000000
00000000
00000000
00000000
00000000
00000000
00000000
428dae96
41707bcf
00000000
00000000
00000000
00000000
00000000
41d6f3d7
00000000
00000000
00000000
00000000
00000000
00000000
00000000
42b88444
431cf647
42a20efc
00000000
00000000
00000000
00000000
42de7e66
4326553e
414113ab
00000000
00000000
418025f0
00000000
42359a71
4267522b
00000000
00000000
40ce7095
4153b33d
4308a21e
43424630
42e4bf39
42b0b0df
4314ba49
42f6f162
41f64cec
00000000
00000000
00000000
00000000
00000000
00000000
00000000
00000000
00000000
00000000
00000000
00000000
00000000
00000000
00000000
00000000
00000000
00000000
00000000
00000000
00000000
00000000
00000000
00000000
00000000
00000000
00000000
00000000
432a01ee
00000000
00000000
00000000
00000000
00000000
00000000
436b88d4
42480d15
42219147
428ca806
00000000
00000000
00000000
433a8f82
43142b5a
43268707
4302f5c6
424f9cbe
4244d97a
40926e6e
