00000000
00000000
00000000
00000000
00000000
00000000
00000000
00000000
4260df84
435b55c3
4382bc64
43794f0f
4249ef91
00000000
00000000
00000000
421d276c
00000000
00000000
00000000
00000000
00000000
00000000
00000000
00000000
00000000
00000000
00000000
00000000
00000000
00000000
00000000
423e55cf
40832671
00000000
00000000
00000000
00000000
41ca0efe
423162d6
4247db16
00000000
4318e0df
42c1b918
42b8343c
435b213e
43480554
4346bfa7
00000000
00000000
00000000
00000000
00000000
00000000
00000000
00000000
4340ac30
00000000
00000000
00000000
00000000
00000000
00000000
00000000
00000000
00000000
00000000
00000000
00000000
00000000
00000000
00000000
00000000
00000000
00000000
00000000
00000000
00000000
00000000
00000000
00000000
00000000
00000000
00000000
00000000
00000000
00000000
42f2924c
00000000
00000000
00000000
432ec40b
42b41d32
43398eec
437b1f09
42e31b92
42876445
00000000
00000000
00000000
00000000
42eb51d0
42a108ef
00000000
00000000
00000000
00000000
431a3c50
434765a3
4333c674
00000000
00000000
00000000
00000000
42dd6a63
432cbf39
42709e66
00000000
00000000
00000000
00000000
419bfa35
42cdb2ff
00000000
00000000
00000000
00000000
00000000
00000000
00000000
00000000
410c720e
00000000
00000000
00000000
41f138d7
42d2d5e4
437438a2
438724c7
00000000
43214ddf
4342b91a
43918cda
43949995
43aed9ab
43bb8b7d
42164b93
00000000
00000000
00000000
00000000
00000000
00000000
00000000
00000000
00000000
00000000
00000000
00000000
00000000
00000000
00000000
00000000
00000000
00000000
00000000
00000000
00000000
00000000
00000000
00000000
00000000
00000000
00000000
00000000
00000000
00000000
00000000
00000000
00000000
00000000
00000000
00000000
00000000
41aa3c98
00000000
00000000
00000000
00000000
42b5e49a
43065a2c
42d64b5e
434720ed
434c7d36
4369205c
00000000
00000000
00000000
00000000
00000000
00000000
00000000
40207d02
00000000
00000000
00000000
00000000
00000000
00000000
4201b4c9
00000000
00000000
00000000
00000000
00000000
40c9b5da
427d32cb
00000000
00000000
00000000
00000000
00000000
00000000
00000000
4234ea2c
4109fb58
00000000
00000000
00000000
00000000
00000000
00000000
00000000
00000000
00000000
4278c024
42379853
00000000
43684a8a
43aa7ba5
43856cd7
432e78aa
42e9d13c
430b5d72
00000000
