4370d9ee
441b7c80
4441275b
4467e19a
442f448d
439bfa3c
41438730
436ce1c9
440f6b4b
440c9807
4443a02d
44847fbb
445716b3
43a2cccb
00000000
00000000
00000000
00000000
00000000
43df0acc
438bffda
00000000
00000000
00000000
00000000
00000000
00000000
42e85518
432e8873
00000000
00000000
00000000
00000000
00000000
00000000
43247c44
42e5d5f4
00000000
00000000
00000000
00000000
408d82ac
428be9e3
42c70794
422bb8e4
41fe956b
41631b84
41594e6b
41156f34
42bb2372
43ca6670
43fead0a
44288817
4456742c
440ed30c
4326f56d
00000000
00000000
00000000
00000000
42f29702
43e6f0e6
435d8871
00000000
00000000
00000000
00000000
00000000
4256912b
439caffa
00000000
00000000
00000000
00000000
00000000
00000000
43680073
41a73184
00000000
00000000
00000000
00000000
00000000
00000000
00000000
00000000
00000000
00000000
00000000
00000000
00000000
00000000
00000000
00000000
00000000
00000000
00000000
00000000
00000000
42fcc1a2
431949a3
43622009
430c08cf
43ad79d4
4435ad9c
423cadcb
00000000
00000000
00000000
00000000
00000000
00000000
00000000
00000000
00000000
00000000
00000000
00000000
00000000
00000000
00000000
00000000
00000000
00000000
00000000
42de0c09
00000000
00000000
00000000
435b731d
00000000
00000000
4289f382
00000000
00000000
00000000
00000000
00000000
00000000
00000000
00000000
00000000
00000000
00000000
00000000
00000000
00000000
41c0bd2e
4281d491
42e7cb48
42f7d869
42a89295
415b8bf1
431ad74f
00000000
00000000
00000000
4285e89f
41f3b54d
00000000
00000000
00000000
00000000
00000000
00000000
00000000
00000000
00000000
00000000
00000000
00000000
00000000
00000000
00000000
41e6768d
420e790f
00000000
00000000
00000000
00000000
00000000
00000000
00000000
00000000
00000000
00000000
00000000
00000000
00000000
4211a3dd
00000000
00000000
00000000
00000000
00000000
00000000
4343a9fb
43eef8bb
44092098
44057979
441c3504
43bdb1d7
4327667e
00000000
00000000
00000000
00000000
4309c95f
43f39975
43d96ab3
00000000
00000000
00000000
00000000
00000000
42588e01
436ca39d
00000000
00000000
00000000
00000000
00000000
00000000
00000000
00000000
00000000
00000000
00000000
00000000
00000000
00000000
42351996
00000000
00000000
00000000
00000000
00000000
00000000
402fef8a
00000000
00000000
00000000
00000000
00000000
00000000
