3f753212
00000000
00000000
00000000
00000000
433d22cb
42b0a5fe
00000000
00000000
419d436a
00000000
4312b041
433cd10e
00000000
00000000
41346e7b
42bd6c8c
41d289f4
00000000
00000000
420c8b80
00000000
00000000
42c68a00
4224504e
00000000
00000000
42d882a5
00000000
00000000
00000000
00000000
00000000
418b56c4
4215bd35
00000000
00000000
00000000
00000000
00000000
42095f22
00000000
00000000
00000000
00000000
00000000
00000000
00000000
00000000
435cae04
00000000
00000000
00000000
00000000
00000000
00000000
41d8e81a
421934b6
00000000
00000000
00000000
4181eb03
00000000
42294ec8
00000000
00000000
00000000
00000000
00000000
00000000
00000000
00000000
00000000
422a7f7a
00000000
00000000
00000000
00000000
00000000
00000000
00000000
00000000
00000000
00000000
00000000
00000000
00000000
42a68856
00000000
00000000
00000000
00000000
00000000
00000000
00000000
00000000
00000000
00000000
3ec9a089
00000000
00000000
00000000
41e1311d
4213ea62
42ebb076
00000000
00000000
00000000
00000000
00000000
00000000
430534fa
00000000
00000000
430a0f4b
4311bcb0
00000000
00000000
42e1c7b8
00000000
00000000
432871b1
433c45ca
00000000
00000000
41b2396c
00000000
00000000
43066ecf
434b4506
00000000
00000000
42cd7fde
00000000
00000000
00000000
00000000
00000000
420451ce
4219f04d
00000000
00000000
00000000
00000000
4254a95e
421ecf00
00000000
4160042d
00000000
00000000
00000000
00000000
00000000
00000000
00000000
00000000
00000000
00000000
00000000
422b039a
00000000
00000000
00000000
00000000
00000000
00000000
00000000
00000000
00000000
00000000
00000000
00000000
00000000
00000000
00000000
00000000
00000000
00000000
00000000
42c4295c
433e1a2a
00000000
00000000
00000000
00000000
00000000
00000000
42ee28ea
00000000
00000000
00000000
00000000
00000000
00000000
00000000
00000000
420d22c5
41030fb8
425f5970
41eee3d7
00000000
00000000
422b4848
00000000
4297e59e
431a4787
00000000
00000000
420c6332
4276ca91
00000000
00000000
4201c2d1
00000000
00000000
422a4fe7
42b3dff6
00000000
00000000
00000000
00000000
00000000
4190a2c5
42ce171f
00000000
00000000
00000000
00000000
00000000
00000000
00000000
00000000
00000000
00000000
00000000
00000000
00000000
00000000
00000000
00000000
00000000
00000000
00000000
00000000
00000000
