43d92b67
444dc981
447169e9
446cb9ce
4444bee2
43d96ef6
42cf84bc
4403e154
44316beb
440f2a54
43f8056d
43ee5f80
43d3e5e0
4312d8eb
42a43de8
00000000
00000000
00000000
00000000
00000000
00000000
00000000
00000000
00000000
00000000
00000000
00000000
00000000
00000000
00000000
00000000
00000000
00000000
00000000
00000000
00000000
00000000
00000000
00000000
00000000
00000000
00000000
3f9b5d3a
00000000
00000000
3e8c3715
419028d1
41e8b7ac
40b5b748
4363c3c4
4400ff3d
440deb5a
43c45ba7
4397ca49
439f2076
42d9d3c6
435009d4
43282cd3
00000000
00000000
00000000
00000000
00000000
00000000
00000000
00000000
00000000
00000000
00000000
00000000
00000000
00000000
00000000
00000000
00000000
00000000
00000000
00000000
00000000
00000000
00000000
00000000
00000000
00000000
3f2ad9e8
00000000
00000000
00000000
00000000
00000000
00000000
00000000
00000000
00000000
00000000
00000000
00000000
00000000
428bd94a
00000000
00000000
00000000
00000000
00000000
00000000
42664fef
00000000
00000000
00000000
00000000
00000000
00000000
42adc782
00000000
00000000
00000000
00000000
00000000
00000000
42690cc9
00000000
00000000
00000000
00000000
00000000
00000000
42d9b928
00000000
00000000
00000000
00000000
00000000
00000000
00000000
00000000
00000000
00000000
00000000
00000000
00000000
00000000
00000000
00000000
00000000
00000000
00000000
00000000
4324c45a
4219a641
00000000
43374561
432d64c3
420a0084
00000000
42cfdca3
4357532d
4293847d
4326aba3
4230335e
00000000
00000000
42b4a4c5
430863dd
00000000
418cb748
409bc9ca
422f7cad
4238ba7f
433875e4
00000000
00000000
4205523e
42f117aa
428e8d31
42dbe11b
42c68a34
00000000
42c439bd
42b52b46
00000000
00000000
00000000
00000000
00000000
42a453b3
4288efa0
00000000
00000000
00000000
00000000
00000000
00000000
00000000
00000000
00000000
00000000
4376c49f
43afcd71
43aaee3b
42f5531b
43538c3f
430a3ab2
00000000
431938b2
00000000
00000000
00000000
00000000
00000000
00000000
42a12f99
00000000
00000000
00000000
00000000
00000000
00000000
00000000
00000000
00000000
00000000
00000000
00000000
00000000
00000000
00000000
00000000
00000000
00000000
00000000
00000000
00000000
00000000
00000000
00000000
00000000
00000000
00000000
00000000
00000000
00000000
00000000
00000000
00000000
00000000
