438c4c64
00000000
00000000
00000000
00000000
00000000
00000000
433dd2af
00000000
00000000
00000000
00000000
00000000
00000000
43328a8a
43330877
43494395
433e250b
432d2eae
00000000
00000000
430e5678
431e7414
436fb017
4378e391
43227a61
41d977a2
4268b5e9
42cd56a6
4233818d
421b57be
418217ec
00000000
00000000
4281316f
3fdf7bc3
00000000
00000000
00000000
00000000
00000000
00000000
00000000
00000000
00000000
00000000
00000000
00000000
00000000
00000000
00000000
00000000
00000000
00000000
00000000
00000000
00000000
00000000
00000000
00000000
00000000
00000000
00000000
433f821b
00000000
00000000
00000000
00000000
00000000
00000000
43516ea2
00000000
00000000
00000000
420f466e
00000000
00000000
435210ca
00000000
00000000
00000000
00000000
00000000
00000000
426393d0
00000000
00000000
00000000
00000000
00000000
00000000
00000000
00000000
00000000
00000000
00000000
00000000
00000000
43181708
4215d3e1
4203d2a3
00000000
41ee8e55
43088e15
428db0af
433f009a
42d0569d
00000000
00000000
42f3a6b9
43257f8e
431970ac
43865e71
425dc59f
41664e59
4291d110
4281e732
4306fd4b
429ac1a5
42b0bbf4
42c29fce
4341fbfc
439f5ca2
432a2697
4288b227
426e041f
42cebd71
426816e6
4329bc53
4397c05c
431319f6
00000000
00000000
42863cda
00000000
00000000
00000000
00000000
00000000
00000000
00000000
00000000
00000000
00000000
00000000
00000000
00000000
42002a24
00000000
00000000
00000000
00000000
00000000
00000000
42970891
00000000
00000000
00000000
00000000
00000000
00000000
42a5075e
00000000
00000000
00000000
00000000
00000000
00000000
41b4b24b
00000000
00000000
00000000
00000000
00000000
00000000
42e1f38b
00000000
00000000
00000000
00000000
41ae506f
4340758d
42a956e2
00000000
00000000
00000000
00000000
00000000
00000000
00000000
00000000
00000000
00000000
00000000
00000000
00000000
43ab88c4
438a14a9
43840dc6
43862101
436060d7
43334bfa
42641821
43a84bdd
4358a970
4353dd13
436b6ece
42c432b6
411b46a9
41974cff
43846733
42fd68da
41401956
00000000
429038f3
4300fdc5
436b12fd
430689f1
00000000
00000000
00000000
4199a796
430181bb
4347d094
432e1592
425b1fa4
00000000
00000000
00000000
00000000
00000000
42d4f42f
426bc23d
00000000
00000000
00000000
00000000
00000000
00000000
00000000
00000000
00000000
00000000
00000000
00000000
