4260ae8d
40337f87
00000000
00000000
00000000
4344dd7a
445fabc7
00000000
00000000
00000000
00000000
00000000
00000000
00000000
00000000
00000000
00000000
42186d1f
00000000
00000000
00000000
00000000
00000000
40f9133f
4280978e
00000000
00000000
00000000
00000000
00000000
00000000
00000000
00000000
00000000
00000000
00000000
00000000
00000000
00000000
00000000
00000000
00000000
00000000
00000000
00000000
00000000
00000000
00000000
00000000
00000000
42b9f2ed
436b5873
433ab54c
431ce28a
42ad80be
442c7d9e
41d739f4
00000000
00000000
00000000
00000000
00000000
00000000
00000000
00000000
00000000
00000000
00000000
00000000
00000000
00000000
00000000
00000000
00000000
00000000
00000000
00000000
00000000
00000000
00000000
00000000
00000000
00000000
00000000
00000000
00000000
00000000
00000000
00000000
00000000
00000000
00000000
00000000
00000000
00000000
00000000
00000000
00000000
41cbef1c
429478ed
41ccae26
00000000
00000000
42bfe5b8
434bf495
00000000
00000000
00000000
00000000
00000000
00000000
00000000
00000000
00000000
00000000
00000000
00000000
00000000
00000000
00000000
00000000
40c487fd
42933b24
00000000
00000000
00000000
00000000
00000000
00000000
4242d13b
00000000
00000000
00000000
00000000
00000000
00000000
00000000
00000000
00000000
00000000
00000000
00000000
00000000
00000000
00000000
00000000
00000000
00000000
00000000
41ff855b
42cd0d74
4288b290
424386cd
43ee64e1
00000000
00000000
00000000
00000000
00000000
00000000
00000000
00000000
00000000
00000000
00000000
00000000
00000000
41df9f7c
00000000
00000000
00000000
00000000
00000000
00000000
00000000
00000000
00000000
00000000
00000000
42aedddf
4288f6cc
00000000
00000000
00000000
00000000
00000000
00000000
00000000
00000000
00000000
00000000
00000000
00000000
00000000
00000000
00000000
43424941
435ba02a
430681a5
4349bb38
436a0698
42f545bc
4276b627
00000000
00000000
426e8e10
00000000
00000000
411b98fb
3e377484
00000000
00000000
00000000
00000000
00000000
00000000
415c4008
00000000
00000000
00000000
00000000
00000000
00000000
42b45474
00000000
00000000
00000000
00000000
00000000
00000000
00000000
40b11323
00000000
00000000
00000000
00000000
00000000
00000000
00000000
00000000
00000000
00000000
00000000
00000000
00000000
