-139
-127
215
220
94
247
-185
8
226
155
228
-111
124
-135
167
72
-86
-230
-91
-236
-37
235
-244
79
-77
244
-136
10
104
232
-2
20
-17
-109
251
224
-30
-235
-153
114
-21
155
61
-222
-32
-66
-139
-38
-11
132
175
170
-222
-112
-244
-102
-186
-136
68
-52
106
-24
-155
-89
120
-59
-58
67
-168
55
-81
-200
-120
-200
143
-6
-125
218
242
55
116
35
-83
-202
169
-210
71
182
53
158
-158
-104
110
-170
-109
-135
228
-188
228
25
62
124
-237
243
176
129
18
-22
-228
-83
4
34
-103
210
142
197
179
182
79
199
4
-14
66
117
-187
-196
102
-248
-183
-16
102
169
171
22
170
215
149
95
-171
-215
61
203
131
-38
254
-201
180
137
213
-96
95
113
106
-113
206
-34
-11
-74
-10
15
-13
-164
49
196
-224
143
134
24
-160
8
-65
-84
212
-192
-129
-52
-1
-138
244
-111
12
-27
170
-161
93
-67
24
158
-211
-208
-1
-119
-236
-127
-26
-34
-66
200
-205
201
-16
90
-79
151
-83
173
-115
-90
117
-201
-228
-232
171
195
-191
-216
175
-200
-99
-204
128
-173
225
149
-85
-91
159
109
-243
38
-11
68
251
214
136
-110
90
148
59
243
30
43
76
-29
-102
88
154
-51
-202
-164
-94
-222
168
-7
-2
163
209
103
-169
-136
-199
68
56
-111
-66
-172
6
101
53
-172
-243
-5
-51
172
-245
-226
71
-126
-178
-229
118
39
28
-38
14
-59
182
-140
-11
-28
-2
178
-17
11
168
52
-86
210
-131
133
205
-14
148
12
-93
-48
148
103
-84
-252
198
35
3
89
7
-110
77
-105
-252
-171
245
0
-33
85
-197
0
-154
-32
-172
175
-151
-72
-136
-210
-187
-138
151
35
-213
-132
136
54
-22
-221
-211
-255
-61
-8
-59
247
-83
182
241
-56
-168
158
-115
-160
113
-92
-209
-115
-124
105
90
-59
-114
235
47
101
113
50
-126
243
157
-94
-88
-11
-49
-69
-245
209
-21
42
-209
10
241
-115
141
210
-215
-154
227
219
186
-208
224
189
-31
-199
