-31.514918113128573
-108.86487164687964
45.22981385354848
-161.00514894587178
-73.01728587247467
-187.85167752044242
214.36669905812244
-239.5866452798095
-59.525109308134404
60.32895871628381
209.4360651777152
-34.84537634097023
-33.68429329098163
225.39392105375873
56.56410222439524
-196.65868059173516
34.990396455129485
-182.56325228917038
144.96581923586882
249.4121082810865
104.61531015333418
-99.04095520368571
45.83372924475526
4.071170542946675
-253.98152551953848
-72.35063127730595
-118.51106704805142
248.4221608236532
210.69632129849805
-175.88150645652289
151.27861524877136
-32.20745363493495
-191.37798200957974
-171.44658727510574
-130.6875359880545
-59.188035144082335
202.0496391471034
40.51074208026165
191.48734119945408
-1.1092137880921769
-65.72135849589469
132.1442033267005
110.61214034359381
214.76901385662006
-25.62287768335696
43.94679372684948
-85.77139427872052
11.150431005126052
62.29452591072163
-155.1132368624815
8.124956707711192
-167.86435832053095
107.33087911498973
177.30892085887837
5.614606272089816
130.92183223831444
-44.39546823872897
27.429369396105756
-114.69708977304663
209.6258306375786
228.54894363691858
147.40621530025368
-59.26892613396433
230.33888650237867
196.13857839217275
-216.9916752353281
-101.42738319093371
50.68323151410664
111.64474733499941
236.42253140142054
-82.3263375407752
-68.55985752901987
-50.14709789563676
209.6098255300679
123.08911521607871
69.79042636027754
-92.31848602387674
49.99975715697548
-225.73504041404072
-253.36370326636893
-142.42391680624246
162.35891824807902
105.17191322053611
91.90027835951764
254.00779458348637
107.62690567499402
223.4196020556027
-17.817720732190367
0.6729974429050571
108.12168117235689
-70.08000779253842
207.12558798139804
-210.64077524961127
108.35863076325847
11.657382451212925
141.02088988483155
-230.03101451051083
-106.51424106593774
-169.3110722377969
-109.7262243258092
-137.41234507159282
-6.544636456245229
-237.0141730224509
244.3120895802425
70.48407105558846
-41.21911606501382
-141.38094367993426
209.2670800410899
-166.26516053383438
96.07630319141771
222.9607263810916
225.67357843564133
-33.40504275991651
19.005707555645756
-140.82246667364262
-30.93866203024936
-93.00166391414527
175.34738995029824
10.184142530149359
34.46178573306497
-215.98239774545937
-41.72108528278804
-123.45638823236487
-115.6516815095855
-164.15264621689778
96.47804125657069
161.5289702688459
115.01833012974424
17.1371710356251
44.78799179407582
142.32808219598138
15.407488757357328
-254.28184197682216
-221.820714105633
116.15849769160332
186.89761744722898
45.13494768993792
63.61108794356943
31.080764400991484
-38.45055186696476
-16.656710741156417
194.4922444561363
-49.91542413824064
-173.3972601540679
232.72721030017487
-98.46866312411339
100.56131171376808
-1.1984609971401028
90.44021559105511
-177.79528731305436
-45.69504575221944
238.88668306783364
-195.77903734251944
84.73991087103946
-172.59226098755175
221.78358744909877
79.42437493413973
-220.9732184322875
-254.41283728937023
234.554447497406
220.60483329887182
-189.88474992634707
-146.98350643484935
60.42047874571199
-119.38918937951271
206.00496085650929
32.28949986607665
98.29416087832192
-169.62960315888884
21.10076883859415
-175.09656585543604
40.04521813632408
-91.15453294083053
125.79570385275616
74.14774049632018
-40.860545982149546
-89.05295388885179
-163.49649204344865
187.21638127839628
38.89529703017274
-127.96390804428468
148.64184453583078
-109.22381222281544
165.9711194097855
-232.6790564404003
1.7090651582224723
164.72990669236873
-124.23519083059648
-179.59211007154062
113.68682378104029
-119.89072357484676
-192.44217054637443
-88.60033877304323
240.1879198773678
-152.19514694103862
-128.44508291138985
92.22996423576149
212.9895167188132
70.843914472476
-55.66999758303024
69.76524012576414
231.38458907745598
221.20448833813055
0.4426723409054034
-56.924123828787714
86.60262644718347
-86.55328505809638
-102.98522874661606
-70.29992777217075
79.73325055303945
100.19125016453381
-234.86396092606566
106.55382482635713
-107.37979173190254
154.10451585004898
-1.3925710012793786
218.2431253264375
82.59514500039751
20.07298478212408
41.74851473361571
64.73338844744308
-46.23540659270009
-107.71420356146055
66.32150982017976
-118.77849994473559
-164.5419590900684
160.7981008361001
162.18340513338586
-45.768291147300005
129.55714003650377
106.10639727773031
138.33724130423707
248.10651793084043
179.0876233542919
135.49087611619848
109.19273344841724
-193.66717415367154
204.79554800749986
-129.24087783233537
171.10391767531263
140.0179221083095
-162.71895923864213
-220.46793345599238
48.16035099955178
131.91359077870658
192.36473966738976
83.63226185490669
-232.00502351523852
228.47352589237153
-230.32628137155712
-157.16995955273762
-176.46635535398974
-209.77960424363155
144.3480204968385
-135.20602721005903
-134.20689044840455
70.62186542227869
-38.792911145862064
171.47526194670297
-174.23003333763427
-167.75273404836787
-132.68609994551923
46.347723971747826
131.13230448105287
-197.74163229445773
-36.258260701378305
-60.55015703764212
-19.711726512800283
-240.00428033710725
-0.5510698066688917
87.3807070358501
-144.4748844494943
25.60015491653536
-203.2124529494103
-143.9421080410688
81.33817729439454
-159.95086535045175
184.2962562826749
-141.41741773923002
-59.582734731565665
128.23186054298213
106.92814726410836
-182.58856863325272
-63.323184281288974
118.04535091564009
-205.3149399579887
-104.09120332882617
55.6546745152545
-234.47813392854817
-252.6681917189128
57.893385501277976
46.32792398301535
97.81027283419985
-221.10258546317482
22.824376593877275
-169.56607412243665
249.94937074059737
-174.348990944131
106.29159453546782
-102.51761869812964
174.25974860144174
-202.85032491911176
107.0808639702388
-134.8411975261344
182.8354115044856
81.3869834210322
-110.0872030540717
-233.1206122757688
27.548276116176282
237.54900953819595
198.13229737121043
-163.54404551602835
175.63150340952205
-213.07733978670794
-95.68344218434598
-86.2807792450165
5.179726420829809
-174.5036503608376
16.25486860929709
25.972982146284778
19.199773213462322
111.58545099321941
-131.55631414278605
-117.42095564590517
-88.44791190308368
88.1268855748927
240.14214096242813
169.05839800844228
-197.29703737284729
45.18331666906016
138.11572056022055
211.0222596677334
150.99356662039975
-202.9812444057911
160.6234517970493
77.56943727577135
181.57922795257412
-242.57404474143874
250.71041894055423
172.99467790774287
-216.7146049625959
183.31159280024912
-242.55441610239976
86.84108225546254
108.87934342271296
-104.16886709221643
-104.51746030779998
59.49117106751743
112.68408497307945
-179.49200232635383
241.9216062413197
96.01349403638551
136.9928552099526
-207.37227272180743
-179.93939782214676
-103.90545506230103
-27.140566571656052
-186.80237739512452
-172.64245959038885
238.99737481560652
29.851221270457472
198.30033754128084
155.04131360628293
102.35546627025019
214.62640404278335
240.20729259287788
-112.63349123710952
72.36685199896681
112.39061595058558
52.45845955700503
177.07456669319487
105.31318542958314
-151.52618155187452
218.63939075582465
242.9489970700643
-81.51914326680122
26.103419402480085
-166.26347766691754
-48.62955577226563
129.47673649837446
89.74190895977546
11.836639746102037
-59.28775527698792
-22.721576713202694
-76.3883159462074
21.361853330444546
159.46324851872777
219.62546796199246
154.30579185570707
-189.27705939379035
232.6001290914765
-68.37667458836097
64.2989862018128
-146.9408646764706
-213.42018387991152
-203.1902904121884
-58.38753775595123
-47.702074301048015
156.35881274483972
15.229132005748397
142.18013079352966
241.4439815787216
-19.979756349060068
55.04786965608406
86.77756542920281
-176.52206335567308
-174.12539154774535
139.2478698978806
-250.919210563517
-64.39898418060793
74.70264104767932
223.63476479096806
196.4519033191889
30.720780390020423
119.65541635188532
163.2957374771742
116.74329588993413
-14.011394065371206
-40.76860210089842
200.83868010229116
173.72680026091797
-113.93815542951859
-56.211423278784906
112.61194545789851
-134.53064233370623
182.28389488249167
-156.70372268971363
-147.8892220459464
235.85125311320138
158.195253640906
121.12871211400869
94.2745691051174
-27.16207129772502
-127.53643688510863
71.57256655362943
94.35061877032797
233.973982211007
-40.26235804136516
-192.52402268405876
-1.3553554657517566
185.26914630371937
-249.37363050303244
-175.01706789171402
-209.00407757390195
178.13432324120095
-100.56717678752088
-71.10215498752422
82.57659892148126
67.82916645230455
-184.91775560863135
-140.7159272776206
164.50600447594587
126.76379223681505
-177.48353178560413
-14.771016612416247
-182.6051399387494
61.32772375874782
135.46843309374322
-176.01319517156753
-252.8482360712243
-148.78546818967692
-235.32004524971856
243.32587742234023
163.80915386416848
-63.58028731331311
180.5977970034033
149.96275666826568
172.42949547691728
144.0031393693297
-48.452355411297816
-71.67501689256255
254.94616549064523
-190.74791383242018
220.5061355899594
-189.06628180517848
-172.06506048015936
-131.7872803770372
139.895419509291
210.75280997945208
82.58089530395569
17.372222133106504
-63.13956573854773
-89.29288227322428
-133.2182754394481
6.344122810133399
-96.28165645820613
-4.45926152976574
-64.65063255552141
39.06369068837256
-7.810776786525622
-206.01377978275386
188.73513600410251
206.6599571449657
234.73399201032487
143.3234994756691
-100.1188505865758
-5.80696195764321
99.04502032341424
-120.78525963824075
-93.87940131366443
66.04370115663579
-16.839424714748304
-222.88445989343853
102.50757413413481
83.16489525033262
65.6836969575321
-227.10562523601803
-157.28122104101772
-178.2801374144608
-140.36435123527502
133.86281807437382
199.45474160868372
184.43479098156752
74.37824422616637
-8.682354145110224
-176.23360980329738
-238.18994091638368
-135.09649866500104
-180.81992550396836
-109.0234686345533
-126.07802938829158
-80.4123157218846
-149.30128387788773
177.56643388491682
-53.415342795331725
-82.13652155342245
15.036743330920103
163.6713988548717
-28.971609851176964
-115.64410939154496
-58.55205799230873
203.5191960323047
-181.10787176963768
-209.33516094139333
213.44425438624518
-31.503994179959705
-3.322013773341098
-102.17428993260253
87.78815540999813
107.62892291511758
139.15901538081732
-7.50479364931121
219.29106379961945
203.91749157594313
-230.68217078923425
22.84145241128141
-133.66610215442188
-81.0799581862099
-31.506494375059276
-166.32285929868428
91.31047228153653
-79.73553734471787
151.41677528480346
-117.56783903351675
-95.92880535555514
-170.78572152133407
-34.08135834513703
-161.25234400488688
187.87828992778736
56.14654404110678
-0.7882611275918521
-209.6531872235517
85.97479868277543
233.11375389447107
64.16035409475597
-221.9043640645084
-155.72359938408874
-236.48863647132004
54.299509696967505
-54.83149813240891
88.32496092749074
16.997330959517683
-103.94240776120591
173.79027969937437
232.8363665491721
174.8485990362334
115.05602426549018
-12.201175208224157
-125.50951495560412
90.56716938895971
65.45824833127489
-22.33778794543673
20.688924955679738
-97.33590042558274
-69.85854028056579
7.062169779087867
218.36608724892187
-23.60026939350945
124.02105031698727
7.0343598181752895
-250.75706914121992
-88.39786817604875
32.198902063587695
214.05312468041944
16.989450501320448
182.57817016742837
-178.0609409317779
212.43902383340463
-182.61827180467918
46.38485127845763
190.1249056687903
-228.05953263341902
-202.26834556588454
-193.44811235132488
85.22056153549335
158.85383981276243
78.9008190107711
26.46023518414148
-254.31403939257618
-53.49454250941625
-25.860951474340396
-223.919937362216
67.03837536309902
81.05550808093028
-130.99491603099068
138.95890880831706
65.75745785643494
64.83568326841203
197.02168428145285
38.93432012675231
-121.0043020496384
189.72816356915826
-40.75089580284194
-32.67456548969824
-19.26385980020683
-46.593967720846905
-132.65975448905465
130.2347844818118
61.82741733664483
163.4069289481855
-160.6023040361885
19.859437669483157
238.84760764307248
117.35125709879355
143.36600493242094
-252.3711235446996
214.36451575856188
-194.72492841244326
-168.7131316631328
-153.98933215218108
3.28582156156358
-39.0616221518186
214.85256759322732
-28.996812666774645
-225.16766724360227
-80.96312791534345
13.17799743481578
209.5125531985546
-89.58335692809524
218.37673446154724
-43.351418770664424
-81.72536020738511
-29.195895479777022
39.77960322071408
-183.6493069788764
205.06428971001606
-53.71166336452026
-146.66589618283774
53.54323344703437
-183.92187522189033
154.28032541309125
-251.07521877294218
-232.27014364278455
189.53974912449877
47.21499792686342
-98.33172986521984
-182.63529591692713
-60.07290636851809
-77.19622746419006
-114.12277511518528
-65.95665064356939
-242.31514903056146
-108.65710830795928
133.45575977591125
61.5712730880619
-142.3841885676466
223.43788488030197
-250.44070269629253
-182.3990593359372
-89.88102810807086
-141.75857890176275
-31.077704204479062
-231.96145740936583
-251.4517012555253
-101.78870627777951
184.14880605286515
231.4265091095287
63.87205080234082
149.16560022846556
-247.0625678218263
59.80793558371499
-241.96030117631605
-193.10805225919944
154.48550445343602
194.5777790485123
116.19890956440219
-10.198127169943433
-222.7921484778437
47.779705233211644
-5.58218487736454
254.8556394020485
-35.84003187228936
144.0304940706642
237.54468938484854
-122.77482862581155
-140.25733569716277
185.54193201989244
240.9136321207477
-79.09997280835915
171.21716034829126
-38.427567369281036
70.03517185588629
-80.59098846263535
59.36786465986273
35.12763708818602
-230.47314001132003
-113.39275659154856
-229.6799112748361
146.36806464494623
-220.96774688915477
231.4981707030493
68.57556163138332
-177.95106351030228
46.24944836767628
-152.57101141664546
208.7314412007724
101.04525400557065
-187.02586812265167
175.3350691950584
-203.75810314665094
-202.00805160999425
-171.22017165260598
75.52224141591387
5.3323662361320885
34.02838626501028
-107.48959621027117
-245.14415621407977
219.08143020666023
217.82610324382858
-21.911263379194054
-98.98917293575519
-221.75014054668802
-95.3690810354247
-223.98641072685052
199.48725108029544
-74.37253627189173
-196.90186103622506
-39.373209894050774
198.90059063929982
-174.8433485735546
147.11768164502786
-175.34093669433895
-117.91785622651332
-65.55395280383215
38.911280070215696
88.44917404036977
-189.79289477505236
-69.05675581006412
-102.10273317129261
62.5835156215561
-85.56252532035086
80.02534036269884
-134.39574817725173
119.13119306120552
-183.53184166546038
-147.1990637366273
-95.792319861106
109.1121035906304
202.54751454392107
231.5707815606329
-222.7683937126764
-5.9155454176244575
202.67471992575668
-237.10796758971176
171.24603382917388
4.51090057409391
25.09372950009282
13.401988323520357
-168.18466965219181
112.45402290416166
-174.7951353268129
253.4211620105491
146.80665660487568
-97.88594995418634
-23.615620808521612
246.0074595798016
-145.69584378841694
-26.311128322981858
-24.194822885808634
-43.059107443588374
-77.84309997375902
80.11485293209995
184.30769950954334
-176.45979022816996
-146.69934991529604
89.68941347289251
157.1325553719389
-122.34964173078083
-196.9863814689551
-181.45167801984854
182.26139346796072
115.08195274538116
-193.57204125606933
-113.23726444816805
44.02608591763311
-157.42237006297285
120.94864147726167
-73.87716069968442
-136.98300605970934
-114.8298180142144
37.49695889071552
133.27202755625228
-16.736833599304305
-101.93859092321358
-86.32172178903633
231.8058652336005
-254.79439536780302
0.6649700178979288
-115.63376811215875
149.02057493641666
85.53624136171567
-1.529640931622282
-156.77753367984485
147.36207175189793
182.5322363841882
139.3139660433211
3.3260286275069006
-91.37400586012927
-137.53821728078313
70.30446133647553
91.68715937506511
137.88907996750163
199.45529231411194
-198.049903672273
180.88887718004366
143.86413058570776
-240.01141720651694
-219.11401159759774
-234.5309214217419
-190.28427702905907
-90.53668035590704
136.99297419705573
-10.521714681210483
-206.3428457562477
-199.44238293623116
165.36161610063687
42.298003860541655
100.13645100079805
-49.821851115304725
-44.78274290913711
87.09292200358954
-147.4102415749203
-214.08767604362538
101.64172520647935
149.2865257815199
110.40057036644396
-205.71096773951353
-76.3608673626895
-44.000874175471125
2.8337459585412716
4.52887016076113
-10.80617027381561
113.10646719009526
67.73608934802786
-229.35089576446813
-245.1743368475574
212.26009520286271
184.76547432942795
92.10552312575027
-240.60371618101874
-190.1186496418731
-26.905463644702706
230.27120606044434
153.03635705631706
-244.73304334046298
10.274430927455171
-239.79239917434444
-218.9644630613069
-169.6940483551708
-10.219043496677955
201.8304478157009
-113.08934409446135
163.81208693224187
-132.6560602005365
-130.91366674821882
-121.85307361000088
113.7139349097261
57.673562465480416
206.02422404481143
71.3424919617172
208.36405090303316
122.52155919604695
50.758092793463106
212.15489532037526
-109.10797990057068
-249.5362469718082
63.9345796594223
205.45875543994163
167.94813323027898
-27.513187616181455
150.50579041082415
-240.46296564508705
-193.2522523183043
153.79321544979382
221.89616603331967
55.00235522728872
-34.77627900739847
199.09699702596055
222.6227276249822
-32.204174130995426
184.9363814137356
237.95629200850732
109.0004259167834
-130.81020959766715
-114.49997918064602
-110.17670277787133
144.2389287628488
213.67984698135808
-80.52422962933869
18.480214923573726
-78.99120722134364
-65.8983217238403
-63.466380300804644
164.3302902690175
-249.41800510451935
-40.66885260206462
-239.07346247623028
-49.10259847973916
-99.17748238778273
-178.3969320780418
-120.80569864356559
91.40204651793204
-194.1519834753115
62.97201400968004
47.178992254468255
-137.88639250300298
91.15182622789058
-88.86919014497752
73.80259348696251
-41.710825849599274
-98.87824173991277
70.53052210590772
-98.35768348179184
-62.58975234703618
242.88089981550866
-237.96063051873452
254.3469772678897
-149.5130329866255
52.31827688716925
-49.5627235111765
-105.3328494825889
-19.334347757847922
-32.11761684557615
-239.85823809678396
-86.60211621077235
-34.542477009796414
-32.981063898365534
196.3139378257867
6.8176048383026
31.297855014177685
229.9272140736851
-237.4207949102077
-66.46811252000731
242.1568706638189
189.4117045293424
219.04362485025916
-179.078887745266
24.546911576068794
34.60297479293416
-30.042810948788173
175.5464756188657
-47.916174452094225
-56.440390240546776
-198.06140429363657
25.18017524281487
-151.71699063283583
-212.40873049349312
22.182015039041517
-40.24104489163102
-70.21647469136025
-203.84818564829976
-53.80648887683881
138.82319093383092
-78.87973238287171
-122.60361124912515
-7.554234458398071
-159.01054715338955
-68.1924475923432
78.5293467854138
3.947547119584101
-152.30325330274337
-130.76608048924612
-214.73271631070588
132.22186871930774
-22.92296470083008
250.04839389276503
-238.6453556317314
40.774873178757275
153.0094027594658
11.579818203778302
-186.32158479062304
-136.9838989379961
23.125653826763653
11.165757798683273
238.96878318394454
185.11252252280588
-127.29042839889652
-206.8793076470323
-111.75918348059545
-210.1285439664691
-82.22467253347438
-117.52355185422786
98.78330253362537
-118.48297300524217
-171.646194452749
181.6949767287171
-34.95329118973913
244.07933009293885
217.31393831919343
193.82571746201648
-86.78058515431795
-35.602485196128924
187.51842877120413
254.17513790248017
-54.45153434530664
-6.46544831885879
40.21424447613924
80.72038456972751
-39.45431304107424
-162.80923704111297
-102.46001491033351
-121.8307008174416
215.753072901549
-163.79897981544678
223.87363473566455
241.66584503393358
-139.4468123474002
-98.3936400214049
42.86705443522129
237.8763963668888
6.411700109793799
-20.47084065931989
51.73708374117558
-103.98178697468111
-34.774363189806195
-105.13106869481192
-211.37034776239526
-28.349237050833693
227.2312193883302
-107.56619197006162
-127.01518334392898
-247.35450771654118
249.2477524842389
-231.75310068597403
-89.99624948162975
-134.96143648165165
-63.35576282128923
-76.96142698410813
166.36358348681517
190.9319922123048
-71.1740924552781
55.09279560358709
-153.4971405780125
110.07347795296818
110.63387866753726
-75.78697089870678
57.793125098248765
250.45731134725293
-191.79603531117522
17.579678051544192
-35.98344269243631
190.9808851953835
87.43238711393542
-0.5643377722332161
-196.02594238551424
-170.3720132159196
-165.19307141715905
-242.3442184449893
164.1000001089963
188.64518739000948
4.776290880302042
141.4743102947034
-5.2654123496628245
47.539574427737136
-223.85000835466934
97.69373842034588
-219.5323382869185
117.12858721224387
164.17927434755046
243.3990787064788
125.22625538646162
128.31871597145317
19.511627498656026
-170.22835397940776
222.9726089224789
-17.196629502580777
-49.968403993094256
-27.8395010133045
122.96993579358036
-112.05163454412545
85.15636593523294
-115.16850996095019
12.359692932029986
197.09866042569047
-79.92742953226173
158.79646334951843
-216.17921065007897
-115.48356097032419
152.9533359627518
-236.8299264205591
-198.61565439655342
-141.92832849133308
198.3335944221456
-111.31938492696523
46.322379679916594
153.6773487186697
105.46352127465872
-203.20426078297132
12.620427051958472
33.74596225581081
-4.683701760336334
-3.5734802837985455
99.51916022624624
-232.19706323282847
156.48062596416366
-41.43597939242153
41.1621224850154
-48.021730960509075
151.66270382118483
-29.780403872170467
74.40840613489712
-87.64045650169169
-89.51067111350224
-63.535479452354394
177.78369776324905
23.85922676600927
45.945809633424744
215.76048383673321
33.470275786995046
63.89801513299386
-216.24548353652276
29.88991332087346
-122.01356238092902
-195.9370508904288
-134.92336041605125
-32.192493448470884
-77.58335731490851
-80.72257564000583
-146.78588540127484
152.04520874424077
-92.94487427876518
66.71484400969752
-224.43178516094014
-98.61979408376811
160.93847621559723
-69.21141523406729
45.24502732579981
-179.74076556254596
-163.66787205362783
242.93193393701125
244.6799805333436
-161.9931602239821
104.93285074829032
52.613145112310974
15.172347863878315
-210.20701216897575
42.71954240151848
-216.86618115985135
254.38796046563556
158.53669096387205
175.02949001671635
-81.10368217445438
-9.832435849554855
-66.3446949265902
-148.7043086969707
48.176352783601374
-90.0044270310002
-27.412686098322553
-7.699919454271139
195.99109703159434
79.19294630988895
159.48177910133313
-73.38757686688979
-204.14940803524456
191.53399012295495
107.29748611641895
205.59409951366342
5.433257426251316
-186.92874218030136
-45.34196736777855
-109.44828979423491
21.567088395871338
-171.48829563929155
56.90609634369736
-154.30405221771704
85.24858860146219
-182.67110435806222
-78.11493961662876
56.777929953387
215.96767575209952
191.9835889833593
92.01094397737035
143.58302083288146
56.04610685344295
121.00629223752742
-209.93018470778745
48.32907351060368
6.930857483919851
118.09604582440403
57.865404869575
227.18632432623082
-129.030420564778
-37.92030696191563
130.61269956193792
221.17713928095048
-113.5497035324691
-163.36938265917533
-29.033301149755346
-20.81388113935958
64.52410838366865
-249.4649746514015
194.7510596575322
-235.48373057202647
-219.79533276360976
99.73820130220679
-128.73175740827293
171.07835142782733
-249.6666083135618
-116.47822637548595
232.0083574156797
-162.78554291743745
131.3883202703512
-87.88905042402732
-92.6191215678011
156.14784943105792
43.271194178454664
19.944114778842277
123.25672470757394
115.4984837938025
109.6141929602187
-204.43236853633516
-105.28971563915812
-85.83049084477898
-152.85504294755458
193.48897683595186
-42.291347120505066
-188.27532269494947
157.56974553401744
-178.48988203467752
195.5690768922371
-101.97215201901619
-24.31120379248128
138.356438506146
167.29397989797582
-194.12381528653867
-57.84708744627082
49.206473942865955
-149.7944421725129
23.428081051830077
-1.0516389042051912
-41.247765570998894
249.62977471806363
44.873536351432506
-98.07007950740297
-37.825598691392486
234.26228903904712
32.81780192923878
184.6141902785772
-44.04610888084997
-46.673113126313154
130.35524659873244
190.54797164047352
-169.79453874773725
-134.89112933606086
-119.21008029033877
222.63643576985737
-103.82405270420887
220.86264696974752
186.22119475929588
254.3202893649804
178.28876072003834
103.81858483869172
-8.326480072201463
-178.14539136227302
-52.24039157134578
-102.42953497967076
198.5103947759851
-164.9842514166972
-63.947423156457916
241.22300033137589
-177.0770972437937
19.05349056781165
-107.19196652390539
132.91287018858412
10.467294787360231
99.67522333549391
82.11557704786935
-88.62285329765643
0.24643693604269856
124.25801864781698
120.95332288405172
178.32394518562302
197.05503280897483
-131.1421279258771
47.62130212441258
-116.16460083639211
-52.759099858493386
226.6716188998122
-107.4301381421449
-217.50802729699816
-180.7874434593199
19.01908548425388
97.91281974018432
-228.22094318255392
113.6414413070213
250.70493436290735
20.228809480491975
-122.29552756445074
-66.63592360432588
-241.26241897862567
-76.43535037437832
153.43742728849827
-229.1225385109897
166.79406430710685
43.47137505621555
-16.121969759587074
-199.418692073545
0.7859915864239042
150.8716887366367
-77.90159528941629
235.4643579414166
-93.5421005314846
-4.805451052044617
232.1715935019135
-237.305558598599
1.1982042412610667
186.66594122480853
-56.069177318292674
95.18718612768811
-213.35829821295908
-183.97696302341848
151.1213069061614
30.165484716617527
-95.99796603236817
-93.65008352174937
228.47144955644075
72.13845122795925
-52.785601455894465
205.63262964638
187.24074642720768
-81.01981981539953
152.90542673916605
180.2492289252367
-59.929667113026056
123.86023589052985
116.70458420278612
-154.82711942310607
-126.59187561782062
34.451953776861444
32.00422643019954
249.50962017054854
-19.93019773548434
-78.3228543585879
-244.0529902857845
-222.21924141821995
-197.769546804324
55.61433189532255
203.52811299187294
143.44139550789083
196.51710782946225
-117.5010136131325
149.35088475355582
-111.22404765682637
34.09986317580916
215.04586394082486
-72.86525488056984
-128.78298998024775
78.33575781070164
-176.9609234936056
110.96442492112982
-77.31494148542819
130.0179347422391
-185.8852297604098
-215.24610442032724
-24.98088811788429
-208.1977807444447
40.026641134498846
-157.701088785616
-84.79654140508828
-2.995034967362244
60.9420321936326
-183.50910694004577
233.36876620756613
-84.7881542486509
-206.10030315476
95.22472317686464
178.7355268532225
7.709606852761908
103.88974242961831
-216.05948598031284
-12.028249535444246
177.29624921321044
93.56983122589378
2.5949105629932774
86.08272518655576
76.86657356727022
191.27684566618103
-205.67900663361175
201.85603508878677
-63.22706303348568
50.218279900505706
89.45283362468967
112.695293158465
163.73778958710852
11.714094383936754
-151.5602189108839
116.64564260472554
-170.15419198864214
-215.50375928416352
58.38156303116875
-42.344688781238915
-183.97350398961177
5.780573549598273
-136.26618367241602
-100.61314401952112
-126.5914329936503
30.710856353495956
-254.26853900797832
-129.04848411784207
83.75282805572755
237.78545387447883
-68.43912539307593
58.52345069547579
-14.38285694226306
-95.18156973238712
-117.76302326364478
-56.09588935184371
25.036142510691548
-146.2879035200216
207.91718617555676
64.30954988495512
134.9677684426636
-178.4721173476912
217.89663657002853
222.62774823370484
-247.61481188253438
-63.741675470861225
188.73887220872336
-112.2528664692376
31.435458775315283
-189.67520069833702
100.14861766975076
-117.24802263469894
117.45978612712213
-243.51340886470197
195.22174274902397
-133.45802743618196
-144.51832528388803
-238.50436744386573
-114.71776742837883
90.09590133741983
-133.46375782583098
-131.07766896302215
-29.7167088550043
-227.69132603437654
228.3306582115739
-166.69479451988082
-138.6785353566368
-71.91077746202112
-249.50585869637376
-241.36691575931368
-75.51885161487726
-75.2135403277046
-137.57580449955526
-235.75784629378546
132.5280223558242
39.48591330042689
-72.74337779861833
79.71991508188353
144.43863327476856
141.32525627162812
-197.5779298519317
-224.0916521940945
213.1415944481995
-49.3817089584841
-101.43670859413498
202.107175172192
-157.41822303033328
239.13320270866416
-230.27025183466787
-145.5234736969872
-94.85465093687381
-223.60404681256927
-243.28156849437985
-99.72527714950147
-63.65525945027892
-5.9786282258105246
-176.26177011845687
114.60416318428486
213.45362003179793
230.76278230690298
143.15004085105676
-13.986703341244265
12.505557685908116
-158.27544463437124
-92.07539860188024
-169.66184509126452
6.633609673621663
-76.92499656636284
246.86515585385456
33.260658256635395
-139.59531296957837
-192.90262452453214
225.32885217864055
-103.67780482031606
128.49321951819616
56.64019836781915
-132.22238013666097
38.2127310946986
-214.91753582031518
-89.37373390191118
239.20190325093267
-34.01371616774452
59.67703374777477
253.47062118901374
-7.611636831436556
-112.78444989245867
-21.97572843594955
181.58177179828965
91.70280278948371
242.23225883561935
-33.02988399054266
-78.04028912373383
173.11295361686206
237.9654153778635
-34.24554849286699
183.92729729552957
-15.205033636259259
-29.211552892943672
65.99992172628822
105.50884373090219
213.49821035805883
247.16851038149315
33.366988522352926
75.83619753816197
-15.699134943276363
-13.070095311250839
18.71808093797455
-110.89902617844609
40.207615585123165
-247.19711261151826
-245.8518080966347
-168.9983426661072
-15.827618065984439
246.29392909864407
39.212014163073604
-68.10840060423584
154.15375994061253
170.75281105730176
138.15241106592526
217.80044023833148
-43.44557068733968
-216.3544175973448
223.15235346746397
-201.02198486339668
-73.83939158068114
-118.05042221183504
-38.7818735163477
-149.6301689958647
181.2774086295086
236.5584596990705
-230.50775750451635
-166.81890843764586
218.18779853798907
35.095195173290506
246.18522652132447
90.1088002563742
-26.410014306854322
-220.86166369516792
-197.95054427474946
89.19618068897074
-212.00283814823766
75.48870531485034
194.94143499960745
-147.21349625892876
-57.50339874916378
47.59259871316044
44.87147595104318
-131.32007187145797
138.04812322749643
-65.14724719603396
-122.87351687316564
-104.52974971627935
-205.63760131370307
-250.77822666452136
-253.64402376402586
179.43641589838012
226.95094216863362
-26.008426860355456
46.041031291362856
18.779855278341472
28.512379977915884
121.6425584380791
-87.28667683671259
101.71197462915728
121.66578009175521
-27.921882600518842
105.13280324194687
-45.54672349194149
20.598891873217553
139.84882167060982
-113.99443360672802
-163.49957758699367
90.28561582718817
-204.98899537981265
-107.11320858894695
20.102243076617356
-23.74008498882648
-112.85001480264751
46.60176869235937
143.94540821845317
176.62203465153345
177.1647392506561
-99.0845073779777
-149.0611246123931
-207.58768007131653
201.57246749709708
-76.84352711236511
142.50526835924018
-24.552441146676017
230.65845011740214
217.32451580370753
-19.4787190003251
-91.52863097240004
-237.22218179855426
202.551789029833
146.6724000850577
254.33378180638493
3.187297119233051
241.33964173856975
11.494595301156949
111.44812665689051
-17.781400405930867
-202.6568108322271
193.22821820382717
-184.06503202760797
245.5195331124632
223.57148954500008
116.64936996944238
125.8903676327173
-162.5368837195076
220.7195156432639
-102.60366019626616
218.00270209695645
-111.52732263616335
51.59881217416296
-220.57098186031448
166.89214018969346
-99.91420714186978
229.38037051489874
104.02558181008305
-55.38348651807877
229.08944765278005
-40.80539144858105
246.8013813742952
75.38481858223099
-247.72625266533316
184.3839749326172
-250.26888086270662
-76.57111936938222
-141.5559071862359
-99.11262523857954
-179.57760624421337
-191.825749157308
214.0577419187698
-83.95222532400177
-147.03917909715523
-203.9807484034119
-88.17618322831666
64.67984779088005
77.71755373230133
-83.86984278949797
-5.857880044421506
-36.99282390934496
-177.89888012234212
48.01310781271633
-221.21884359695835
-63.92371656131911
-25.204354990603093
-244.4905491427809
14.761822236168314
-254.41361626410944
172.5184907834228
-148.18139995747867
-9.894097909629266
204.05301482379218
14.860780636626089
12.912551274187592
159.15050459848925
72.66297876717067
-189.70010503410305
250.81159477774145
208.5852716645992
228.7603642063748
-0.360027392851606
-228.90031556096864
-133.4072794684931
116.86368943519557
66.67638857351272
-78.89007558275324
-206.11446347286747
-169.30448877858873
1.4753270236764138
200.99562457488173
-251.34841375316333
-78.35544538306036
229.8542504840541
66.52048475971321
234.7557390704128
58.264734050999095
247.61904707597142
175.68085079186062
125.6732721948074
20.030329009318848
35.6300851535957
-40.27012564953375
25.58159597964186
-144.02029416820469
21.26217355661896
-231.64178280633246
-132.0715674972346
-135.07477230903885
113.72770761738514
103.45911181123137
-137.47874137083437
-153.35792330340405
154.18621400725323
-22.970288077363364
-245.80678673482493
98.42899851654357
87.44316152055575
105.18260224746086
3.8690290485166656
156.04918393169214
-11.065902517842432
-61.016441529073035
69.68772849820436
-184.98092105782507
-186.27694674796055
-108.73264980651234
220.8902649205968
171.6982201830363
208.58105960907335
-188.79466810140713
228.04227393331325
-148.69181192417813
-229.91334480053084
64.09981334174455
-203.08870917070396
-69.26356248736019
-148.0143989937681
174.52440434847966
-85.60449175696334
62.13370826371221
29.02152057159043
-70.37564033534352
-27.558938310976657
236.9147928479556
233.8732115262086
133.82220576335754
192.74245163597595
-160.92739395987957
208.10056696695938
29.346520031865566
-165.63859333996047
-25.815804576868857
-166.36918939037417
80.14653924202946
-76.9480965448108
-224.3298785703054
148.87984975379152
-57.24080816367484
253.01610429237468
35.6309210835438
-141.7517734484935
-252.96563061817588
174.50654871906454
-119.94168751968573
-254.16102105043828
-54.517445163058596
81.55924060355801
-150.0365876082102
33.087987769015854
130.39958106849366
74.5825814859034
2.1260246939434637
40.160793356811155
73.05631032444188
84.03462697263745
53.330218548960374
25.78650681245597
-228.65016079625522
-65.98554968406594
238.44378518839915
-65.67088153415801
32.945958018370675
-175.6265954655068
-158.37632805854722
-2.27761776571424
-34.02476142571666
-233.07323091349542
166.43291654894676
-183.62655042875687
231.41144412115256
-200.21772616156028
-64.13290103002907
-165.8679684590698
137.27371884344223
-174.58157304884486
241.97883597216304
156.64957510810956
213.70087790719361
90.96840680058813
-189.01226432012876
-236.2813219592869
-57.145207653464325
-91.48559989545657
90.87621096194556
-254.05842616261816
133.21861394741097
96.41054933274978
-254.04132972920544
-86.32479590966724
126.67277799267282
152.46307994083804
-214.54161851406695
215.32750288192778
86.56256135996551
-6.303142481920787
96.65155322865445
245.13574043623208
66.69889694632371
-138.67910887321486
-102.46851879981304
-89.36502110485895
54.34032793764578
-172.17834798782806
112.03250354730022
-132.57683512147486
120.31330599421722
-33.02529120871645
249.27034693741172
28.506101719398885
-10.62901516711176
4.892132472457263
-253.93136858032952
254.7412522853046
-40.69593293673077
-112.2608491791938
-35.01288114149517
36.50852523360402
46.57872364792058
-78.12135559602746
239.4803272901084
46.282769423739126
-76.36638884379732
-49.23656643731971
196.677311450839
91.78350607064908
-155.8707815887712
239.10583575399227
-58.74286772251861
67.27848733613223
104.38674370082646
-82.61154152551197
69.87417480983407
199.54434544726308
101.09540442587763
189.9843845063486
-231.87083788634268
-75.07682176831949
217.71120162229693
207.31884764998586
167.06337656411046
52.84175558753384
-62.48654187102218
-74.21596149564192
52.995295175862964
-58.98659013378651
-23.257870809010683
-237.47563745570838
132.33501787612983
92.81620917629556
217.8520923457861
-107.504811705738
73.01913764314963
-99.81021079770235
19.65487143813948
-238.5188247866605
63.36375971109828
13.903533785349737
-155.60410212894743
94.10666077197868
141.12895851992323
-39.334474347889824
-122.50467045217687
-158.0816865531297
-156.20045928705548
132.78024653966696
-155.82339724118486
68.52027517147735
155.39563877463246
142.82176064161007
147.90267352897604
65.95462768853554
28.724942001993497
-73.47350651248021
-93.13076323436948
9.651070934188112
23.339441751749064
-110.23505150986682
-251.03764032432102
-190.84524742111998
212.41204777252682
-29.145310248708455
-185.4819628109563
-150.54549374875768
-60.72912260270442
164.241691100578
-33.57166477639845
216.38425731304415
-113.04356442541712
133.29198046465388
99.1801518875771
166.4745201208666
172.19545607471804
-34.811478946464234
-231.69883477171655
-42.45214533140265
193.94713103655027
-230.85795925708334
212.46230007223755
57.87488571641421
251.99282299432474
30.28183999941183
-199.37277419652736
242.96076088680735
-25.689024932398667
198.24680683164416
-202.5283164996536
-15.670506088805013
85.63729843208921
-253.83490872267768
-123.07303897450132
-207.5281065085182
49.477400320594995
38.29903940887806
58.17123800691553
172.87248952476284
-156.10891142125638
-48.370231412868236
96.06818591285139
-194.03483450463267
112.93408189115615
162.99275028609554
109.0385651131557
46.67095165412951
172.47705443885587
75.60493921900877
-198.00115584775892
-203.63131521521865
-112.83599625031559
-233.47174171966984
-63.35095174234644
31.55444937237513
-183.8298076010648
-136.0421469225651
-120.19335441099275
188.3703708269963
171.03843010591396
-85.66499575194567
-152.93508487623495
217.1629047901124
-76.61811899439743
-122.37613620570656
197.61811115405692
100.91631645772503
-53.153964152728605
-161.84133074161264
-73.29607153719988
177.09819026921855
-144.93142266474385
-78.5205319513806
138.95710488388147
-191.83487644642113
-187.98688666193405
-96.6837013478052
40.10978936177918
155.85639547344402
-161.07355625859418
149.43964466289736
-150.43493531718417
67.68729061709723
182.41712373993806
-40.1069576916685
-231.45697887137572
-186.57170446865808
-200.88128080094353
252.97915494694018
123.31098166005694
-116.31338199954274
-42.14114955427169
-20.488164390015754
-50.16650593816118
-222.97163060646292
27.76166366860025
135.5640629013401
178.77460782260096
147.58370788619658
-242.9005716151663
88.70809579357956
-171.89878867458808
54.39300717687581
15.353072239417429
-175.4994725736376
-166.6989583342238
-198.4604785918768
-148.74261644810895
94.1452667635453
-228.86267126719787
-196.11244153579287
50.47725824227973
228.3409133488347
74.45479949034456
-44.484381152681834
119.0822883921129
-209.5028883494246
-155.93628332184844
79.68477454923374
-236.59228294647266
-213.46466801436299
-19.13023328625033
-40.565229988143784
-189.55843421864517
-253.6160184538209
51.96761747422255
-89.75913934112108
-244.8531286666808
38.993690190524774
-113.12498303944204
217.69161591863622
48.49626375168117
-148.83318965426258
-95.64011042335551
53.22928927855395
-24.67124093401665
-225.70415220988303
-132.97927895508465
48.127895289295964
60.13578713898403
-205.51016843515663
-183.95428012926106
-233.32650137453703
-229.55645946726153
-75.50889288280561
-173.22131463465007
14.343915884439298
73.8019097600756
-216.76817071904878
-246.9965321817849
141.48563728571497
135.55496094899303
-64.88151689534124
-215.9640833269952
-124.53890027735241
-240.22514697618195
33.89688391444008
-33.53893956707597
-118.8207293763179
-164.15978506665442
19.87807587706169
231.48518230076792
197.09703973623982
195.1450295965331
30.63556641329859
195.4221557706635
-95.50364378189335
-231.56259418647306
-14.889790777675017
-152.80831992196173
228.9853878325867
-78.43806625186886
-164.06359789667485
113.01623158455118
-100.99940045312559
-72.59017792107707
-179.0631086095367
14.189625552146026
21.385769826421324
-82.56471082532698
-85.65199318749515
51.105535097689824
100.06151938750986
226.4357227972634
180.32296330628668
-44.9039279393177
-41.46687823070596
168.26626176658885
-15.825534749746083
74.39753249030383
42.65863375999521
-112.51436147300944
-233.12509996737197
-26.678796739823724
43.33621354684726
-95.03524902522372
-49.369456946529624
-126.86597858363143
-99.79837351181328
168.9792255668994
-215.71191671908912
-74.0231911813745
183.58534588420042
141.06278249671772
241.2586432355588
-140.69901112170294
-97.50145544304993
114.44332421432546
-215.8235271332386
-62.309521047094194
228.75972632180782
-84.48451897513809
-178.1404925777497
37.20623766831778
-115.68637396086257
-146.59480938366727
200.86085991609832
-231.41266404831092
42.77796819921139
-176.86673681364664
-244.30992343778652
-186.1182526337512
182.89690364615126
-23.345406413628183
119.30558175769568
-113.9413009243759
-162.2256920688761
202.74952707996863
14.028673900533136
96.77570198039564
165.25837998540203
150.462729806018
150.5302512696274
-74.35419699150282
-119.09484322645125
254.32977457267322
19.294095755251362
-126.3198554562471
-108.04549899684093
-249.90569672700792
-57.08764026149018
-3.0194374284947116
-91.2592655311777
41.41582783978674
-235.48022732248586
-134.62109165745903
-100.78986480016994
12.604651031823437
-216.65036032808075
159.9536496410521
202.05959790638946
223.05919739566866
-241.5718427890342
9.806049622213266
204.1905733390508
249.84926700738305
110.27883336535257
230.96487362689982
-11.993727461144545
-208.69658786509154
-58.609514718308105
202.1959849886922
-165.15349279628222
30.8631457425671
193.19227501704518
-151.53402482225636
-117.08961521413141
-173.27157797489406
229.7816148913771
-19.351870373965824
205.82240010752156
-248.76795370385904
-98.81460630652774
-5.391225021360583
250.2761698266305
-113.72304700756482
-239.88844390936848
-231.75895933003994
-86.3757307919713
-145.59528579212565
158.85460568848254
185.76547233822686
-37.48802390950058
-37.7331961516673
181.2117195826185
180.75387642348295
176.70018939889616
199.58207308752134
139.71016671464662
183.32142802729282
-198.94496432600027
-252.74357424495233
231.51642212096755
-192.0783209965549
174.99967192184613
-185.7950915766044
-0.3579370073673829
-118.37061225369334
-226.9800890674211
158.82593078947235
-221.431812272793
142.90143868756525
109.94339426664806
4.10158985474817
103.94275268909666
249.8546091562933
-25.494335580252397
-226.71525516978184
-60.498950808260815
225.6817321622155
124.60966276695603
105.23422690063649
20.81699195986579
236.51131726427747
-17.940481950066072
-21.962276992473505
43.085225514576905
246.5741737169662
-4.245803832200494
-236.74809675812696
-110.64611493843512
218.6443241105324
-166.7401709187631
-251.2567146758844
-22.110483251173065
191.19422325272302
3.382627736457323
-20.388502524166938
-155.37615059801217
186.6612966724532
-150.71508102435973
-146.40521563518695
235.04960302381863
223.0785531189686
154.29004723066345
-248.65287155782622
-211.8435170323673
195.87882261606273
43.06676323869385
105.58392552217185
-31.254612888361805
48.671825979022
-27.358695880151572
48.88296892329657
-248.2630180442356
-191.12856887652083
-215.79049671646152
-174.1812335180096
62.32489147137272
-83.09413180797867
140.04841444336398
7.573894248671138
57.582752877436576
-146.41099044183358
166.44872801932542
200.8746037683614
168.60970492564093
182.38814943410182
37.22086512150128
59.01667584495789
-186.64381249625262
26.392113189468944
-94.81327509052116
172.78528334447697
-249.06669958291542
204.96220320665833
-229.7073287644102
-111.25048707509956
-23.967889350100933
-95.78107110262727
-164.33241349210397
-5.520467936198884
109.7943674814033
67.03826507457154
109.64263536799672
-108.63132625706803
-31.807369019185217
178.0974333400261
-53.994991810580444
-199.03973886379572
96.84930474795044
-21.02057554510577
151.41783515593778
-109.94500112959247
61.59767607359714
-167.40134210264495
243.89781144501927
-169.25983759781957
163.32821356643427
-150.80669743824433
-209.75097544916773
-204.25914432972303
127.71963176278126
-231.602200553675
-131.11663485350203
-243.0662388876971
13.888399414568198
-184.97132884327905
-32.88205120925733
235.56103526472543
-46.690195078802844
-229.27762180911625
-43.0011923342374
-90.78635520359225
-123.91093681328945
-83.96499556720747
-181.8549793906156
-12.595722786093518
-241.6447453603292
-147.0554982109602
168.586397393426
-63.7333370205308
-155.31793389046774
12.432728909659431
-72.02068705333741
95.17854474279704
203.72370511921736
84.12289697974234
56.77216099165696
94.92452405598578
-7.249004091930345
252.76173808765645
13.57135522487971
149.31090030129565
141.83914954159303
-228.18795882713079
-229.97723817961162
156.22158435093155
-237.96060739283934
53.604721482646084
-124.36467364667448
173.91154637461102
164.189597650054
-49.73124675542485
-219.152963556759
141.63942129821464
3.8316456444927667
251.41172042249758
143.05195548254346
-76.19640008948502
151.9317916149215
35.71145729321415
-83.7025546850731
-94.35000576924827
111.48785340907597
81.48559983013564
-210.6857621803975
-84.79461541977452
-184.41204950214444
-1.282700000911774
18.002277083395256
-106.16607050076132
-209.13571449944249
-150.50302053486405
103.6641743956908
-72.20063007169537
-229.63953809948808
100.20580364162538
-20.39182345758843
-41.301452395218774
-130.02618964118142
-112.08285289416133
-224.82623953516904
82.06996123660605
85.25735888140991
-63.97913203499081
-240.73262432850055
7.64287726467461
-53.679330464047865
-15.00051166356701
-219.9191319151754
-125.16464033797953
10.130645900452805
-217.87487083605447
-135.57634679252402
-105.06975284460185
-181.2741564082379
113.08800824620585
226.59944394929818
-150.84701986725983
41.71267656639412
-149.2056458038707
18.50065108405306
-129.36807133069925
171.82010862055847
209.23732500350707
-152.72537378986434
-23.804020561539886
140.17518213841896
175.47849677817976
211.33477104111807
-153.1990346000465
248.09704736675621
-241.00629533755694
208.42474230662083
-9.37965608574271
-113.75637953226061
99.1916179527098
165.4522497403338
-145.5222788957273
220.11084655241194
139.28647505045006
38.43294646339774
-196.37264203377435
-56.63709480348754
-107.61929174339343
-0.7067115713662417
70.58828932678409
-85.3511262612945
-240.24718141757992
141.0661690901748
-250.32178767711864
231.82930426416
-239.79719101254392
-232.93088937153732
192.14606299650865
-93.83575258759447
-205.1496862066909
-9.978304254565444
100.3731521732089
-203.22692451672256
-222.04686450611928
237.6461447365279
72.5130952225689
-194.07015387234975
150.67341864819628
100.58677236305931
-226.8480406337079
-129.53411075872046
-253.20719473596424
156.75045721605545
-224.14213733427462
151.25548322544915
54.9165347455442
207.90589209572863
-211.60692850542614
105.52672284042029
112.92175988928653
-18.454562887688127
-201.13539459594546
-162.20125583883473
215.13869028695922
-76.75600222805556
-197.19780479898193
-173.37786182330132
-27.441455418316878
151.44071321380403
74.76659092021646
109.49861036750758
-87.88259529501372
-49.661848450833844
228.27913661683982
66.91814357771204
-192.4961549067577
-99.73592091612656
-161.89634942344316
230.72662989910623
-250.79395524319088
195.32399572824863
-242.54800662314668
-221.20186807977734
77.2114145909157
-29.209959712431385
-200.98618972775446
-185.13394749830678
-81.24912348166825
82.33931923069747
125.1343639226584
4.970954228020673
155.95607538422598
-185.2583806562656
-38.489789220741784
-14.439333435691623
-1.9161959627164151
131.65524021962653
-248.5163514742453
-190.02805842707141
-92.87323360558204
110.55413176103258
100.41554524404216
-54.3737834659853
-103.87698229307327
99.53423172883288
-23.64337050772221
225.3948907471766
145.19234403927584
-77.51765473176417
159.3600068424401
29.23469913372071
-141.7094667960357
51.34009761625964
-78.25238812890987
-224.3492504765067
15.530266709834223
217.40663313218613
244.46222824784974
-27.344356082993528
-104.81429338663492
-221.50594112379696
-111.6546225157428
-67.11103438682463
-178.02968553253731
157.3056914689446
-74.32692098002207
89.60295068633752
123.36232215867057
-67.5317595953396
-204.50128216685505
-2.958008594930135
199.33719654616323
45.84998018740475
-137.94778184202676
-147.42329212225357
238.38513496395495
184.5701185328681
-138.89739691525932
23.889110323539796
42.91317366865297
221.10521809735252
180.64386343837384
0.37062541592354137
235.0621191374825
-117.61461397533901
150.2162058928235
-191.61566452174918
19.75010975304326
119.97317443000287
243.38648656720045
-98.94248245572345
101.19721558322397
188.59414561358182
184.27582626269657
-0.288006742624475
76.4758892965512
80.18696775829227
138.93633313792458
-90.02046745688602
94.96513221547428
126.41292667030956
-42.482746653374676
-172.46979137953787
68.88530239154915
-210.4021172313757
66.27461436498464
78.13387686543274
117.46748473183612
218.0633506668508
164.70372700062995
-7.649284889072305
-5.685041511785954
-116.55747947338608
241.0394559995466
-20.866972799335343
69.97576518426229
-243.27223522729676
245.3000723432956
210.18270877249552
-173.97673936054437
-34.68062364773559
155.36224401996844
107.58267781899406
53.13579881180931
-186.69251251821765
-117.15252505832328
-20.29199954297664
-70.07238437403342
253.21508104542977
247.5751943603329
-25.190371663271776
-86.26094505032123
-142.01734704686356
-21.084771271886183
-63.9447052668331
196.23025365641473
-18.80212189315685
-169.85809424975463
-148.28032605348443
166.0573205330345
-26.968113497179814
-166.22576509093665
-51.322714273340466
67.00815201770786
-157.7177431548971
-218.31452106283294
90.9460867436124
-227.81619551631243
-163.09919304053005
243.96597377128217
68.83211706480023
-173.1449588527391
-208.70758994806394
-66.75135486848231
191.64011860653784
-116.19170548677269
-42.64215796512258
192.04188812746582
-88.8379620081927
-156.9466602906054
82.96121145668724
223.61680517478408
-127.42028316778793
139.5440993525728
-247.90559663361498
-240.93415363163047
164.9036693469012
-6.559143964292559
-134.5021212326307
47.56503752133477
-96.3674903053871
251.48890531749413
-113.91130895748032
-180.72649381230627
-5.307423675075398
122.36367078390845
-85.46857084126208
-175.08119134680067
-59.601255125715824
-230.85264671196097
67.38356629855645
37.07711665288957
-14.518632748326127
-122.95028441015324
15.684158629903095
39.50098896450845
80.50186337442926
-12.98091392646154
-166.2525850240856
178.6376372059188
-92.23184595359245
-152.78880526523108
233.16399502868222
103.61384848130871
-194.55852317649968
160.61863028721854
-126.15276089126962
-184.13588145461262
10.700734458332136
24.988934287722543
105.37282546361854
-163.01368454459003
156.43949948817618
168.01981854173283
-140.40003386871985
232.93036286860263
254.20705497390543
-11.86545503273507
164.59976576609512
53.43097399398107
-188.70405053687517
-254.7009586186769
-156.0376751493057
97.93658758037589
14.074460221079562
-37.85686005083571
-12.699203631234582
-174.72969000887963
-250.994910598445
-140.14490225122955
-69.89998668157025
-126.55489446879602
254.52336879576853
-105.92029744346061
-95.06538933843134
49.385123845657574
-202.21343979154327
-74.90282208370914
-171.02198691512416
129.75894563785317
-115.36426465086393
-33.16567920535553
186.66831243674557
78.99361550633898
-247.87192589161344
82.51369314923306
-192.58388355236576
-106.82510636173919
-12.529576087851751
-219.2154618007332
137.9526305289222
51.35689133197735
58.63295339430397
54.56547984416807
-109.30549854258129
-137.17377240016407
-65.3306106804055
-180.56036631810747
12.68735499066139
-123.62947300741828
117.79411114084274
27.969597867218397
169.87785960690127
-67.30382641842021
183.7096939090397
-4.128806379009973
-211.87355297740922
61.67968203248205
33.379183600581996
179.2953647279473
96.80857747199963
31.999057039889692
-21.217255318719907
-212.23993890357326
69.092973683639
60.57189131322633
-228.2182440904529
-235.60270732196653
-233.3176311132975
165.0739286962239
-110.49263191198477
97.44827423176986
183.15681974984733
-202.4146821194367
229.35505309625734
229.1839398412189
154.10229131727834
26.652212157022404
78.08912637230628
5.452374617205976
135.3069208692816
252.50303561115186
-102.95754698664132
151.0098092759672
-226.3657907203965
-31.372661795412114
-206.42096048062413
85.27061769896375
-204.85038621849782
39.77308023380573
-1.9515310091786944
-181.74219257770116
33.81564761376819
-58.94047283302524
201.28167159163024
-112.42790493628641
-26.588447046373147
-66.54297688213967
17.155117151751483
-198.32867673021673
190.71898859902166
193.5358824282789
-95.63583307265193
-195.13202676320373
139.77643161871646
-246.70628547205138
-20.695263487072594
13.751010160214776
15.553101913040507
245.3442031306862
50.57418381230917
-170.12048752756345
86.54888987114919
-217.5473648362537
-186.43511265237652
109.84163005391474
-234.4621229663564
152.53871031575562
174.41021500353946
-134.94500568356972
-143.15466378038977
80.60623712471954
-185.65046515210764
-204.3982583357241
-131.39026479628131
27.817261475749433
177.4430438944903
-98.91116890008252
-200.3904494369926
108.47021372686146
-236.82178360134594
131.8523038295798
92.11410150512182
32.5586402981416
66.30270978112367
150.43358322285053
159.79506590831187
-154.92177791803294
-71.20581506507801
122.01557083111453
236.02642942688692
-83.01365662073786
-214.50482218028822
-220.9442239769788
-193.22758758734219
-4.070471838303831
27.854946073091753
86.68005014830487
95.9686983100811
-199.93385065847608
-137.2539756087063
136.53251295544413
-246.9067439161392
-63.417895572455194
179.3273090926711
-24.99191528877725
-215.90923403850587
67.7003028304241
93.77074042938784
0.47829516793106563
240.52142224060896
-87.26279969600117
-63.98560043428762
-0.2876948831697632
-18.678508530116005
8.707020073111664
153.75821887600415
-242.5278277828637
-188.49358893278918
117.89375480337287
-173.69316582086427
156.2254255227366
-32.26908753813947
196.15714706348547
-154.26112942111337
40.07770209491031
-122.76217407072866
102.04141191646687
115.71695950960788
135.6961402631992
-152.93826686172667
-229.92745149275686
180.52867179221204
17.573125467728175
-66.04024596484214
252.64972149941582
-179.29822272250078
141.48104531539326
-193.48079190523782
243.12184344799834
186.06555881347703
77.84816070450825
124.45634024011571
-162.0724269611871
138.13321638102678
151.20504837070223
-247.65277734770842
225.4925989306218
120.84542292521809
-243.54207198084893
136.11327529386534
241.9434289068879
22.586578125311803
71.56828025532417
16.076485536118412
-216.425031108638
-213.48155981848558
202.76016492455028
207.17572851240544
57.39038058692773
26.03372031335556
-38.04677789622875
-190.45791689270686
-7.741926506892355
-223.73082677523246
55.012211372238426
-74.27250025213385
63.6601649578667
-226.11068660796508
61.39965379034385
-45.923252488061735
1.8199235187649379
-243.23513666675126
-135.801350529108
83.3287749723089
16.113598871241322
161.3314567156844
-136.85878830728137
-0.20217694636249917
92.19307107364403
2.6131157192749583
69.39769427529035
129.66146380220573
213.60933358167955
132.92002722940896
136.21185300454766
-67.73742023349317
-118.2673090234581
-239.37954778694592
-246.46392399522392
233.9665851605061
-87.71824677305665
-203.278236415499
-159.2094835004405
205.4395782306741
21.777188426298608
-172.73615145033594
111.45394479292861
93.66062717020554
244.80009205390644
158.23218645493097
91.81796924611871
-23.278065745089293
-28.667127260793507
11.940250571048296
151.3421882194981
-61.59762225094619
102.1443301843866
131.89990396215688
132.85729709873328
-75.23527046982443
184.68528230747887
-43.28621208192024
12.945703150046654
-218.42615160623745
-229.82230981175462
148.81869358018258
-37.55120145808016
204.13699808654934
-74.6773548727167
-13.285133244959951
-251.4895765359147
12.207430396387679
146.17620171630068
-190.6820764838119
-95.49623750206024
-118.05221541267696
-177.40057454589805
-191.89831375835143
217.51351338943005
80.32796147431861
16.404123749859025
174.38547512820497
40.55822022676432
-185.8213201795249
-3.8642443904309687
227.4383043424727
66.82227220917514
-41.668929151252456
-8.909966236960031
124.34158993111225
-177.42184826886944
55.97478359710772
-164.12519202552215
-34.99858946584868
-188.77682336269845
-214.88871937402564
-15.27894241002437
35.47776212315051
-169.64950840349536
-98.22487681458483
190.85667609004076
-91.22962150929928
-166.17212555089293
228.36760732309062
17.858588131710917
-100.68834512626475
17.114738380407573
87.15084857367663
150.63423840328392
231.08410715057192
-185.48870756168586
137.9981402338638
-182.11476094158678
202.1614147904706
-65.42318591776939
66.40957837951629
31.175703122621996
57.37208179468382
162.33330680376093
-192.03857930062594
-8.965721411116363
-237.42141201070115
30.849571868088617
-45.878925576156604
237.6366788719455
168.63155087737238
-173.16363219986977
-71.51856136302669
246.11617773844614
185.47785293822733
165.8641692684091
-116.49456366672501
127.4167761260797
-18.002529368010016
120.17749173938728
221.5001333865822
48.83634007330994
-47.70173816730997
-116.65902258385114
26.09177638089608
89.78564882882472
-27.946235375344344
97.21568933134722
224.8327351255445
-48.40293959321161
12.590936465019524
-236.9761588042105
-19.7042825443811
-251.27329839533527
119.07775120097972
225.3441306040417
-77.99180211954052
111.24573644366211
-185.55440442768324
-64.64811637661828
-101.05267715618575
15.540283606288426
57.197243532367395
-173.02702097051485
231.2650952626371
110.95321906777014
66.54016010205441
43.094119217708794
124.99551289532639
203.37723447171754
45.22006721542516
214.1860787613059
-71.29894452034213
-238.53020905556687
-23.315011485013713
3.3334733265270984
56.794907242684246
104.95022571996628
-47.2451265848122
-239.331065832565
-168.172531257476
54.659329153853605
0.33625115758064794
-33.08306828654818
96.0055656519043
251.82014917312807
-163.9751010226159
118.7977601176791
213.85336734089196
-0.4011576552800591
-23.472594096282847
134.56617829240145
-46.48980575306143
-251.8895886069361
-180.24685524999057
-4.314813883416264
-137.54065452258735
191.6926571172388
-15.501141486967668
-17.615149489952927
232.0691477713612
159.20453942075375
178.8546372715292
-11.84031942501565
3.348663102954845
237.2293594444464
-224.8311283821222
155.17330272318304
206.69781166096647
-12.514624040424849
146.4978338982117
-56.00677949703288
207.76469140133452
-156.0617852392116
-90.33733898803254
-109.25829828517467
57.23148344387897
-151.0856329170607
220.0539926213678
-44.276262479173965
-101.58157604387728
-214.5060995686608
-154.72953226363657
-139.895974148465
-141.57989906293915
-120.95285007866332
238.59264430937452
29.065339081800403
66.94282442852585
107.58119424161583
-4.382108039453755
-47.311990371796156
73.9976689024864
-135.40512619096154
-200.64888924475446
90.33004819827306
-118.18450157211225
-8.303092450618095
-168.10964549207333
-89.81143979493862
-91.8186261429675
-54.87189796937062
87.48412746401095
-75.54827348824955
-15.1204962545728
-253.76446677633592
220.0696148557833
-191.44107784305686
180.03988800351948
-149.91954994521845
80.29729546072133
-218.21455149706057
-46.84731593402665
54.08312563081677
92.78952754083036
-117.62338220408674
-83.51396938542825
143.70290077955883
57.06303381586446
124.98689213082247
-88.64676033983821
209.00368066540813
-82.82457524687965
-50.10029240023596
9.248407003912064
-243.77587073149522
-197.1143650857365
122.82683398680598
-197.64237954376048
0.027832872987289647
-198.979392074684
-71.55888338424347
-16.395019217787762
-180.0873815458119
155.97888689400503
-141.44190064333503
-26.705637588605953
-13.624591469766358
242.2631770111248
-207.19957839169624
61.54056450639081
173.2271043783249
