86
-146
-211
-98
-103
-57
-222
2
125
-61
-192
-77
181
-250
-21
86
-234
-141
110
-70
144
205
148
-238
-248
-228
192
-155
-230
-171
204
-96
90
182
33
-168
-148
-109
-185
91
63
176
-120
-38
-79
191
-208
-216
248
186
192
-172
108
-153
26
-101
108
161
-89
-139
-59
242
202
127
-82
92
163
-143
21
-129
108
-107
165
13
179
-2
46
-150
-69
-120
174
-215
222
-102
226
187
52
-133
90
-1
171
-141
188
24
-212
120
-143
-37
28
244
63
-138
76
99
50
191
-89
0
179
-141
74
-175
-124
186
210
86
-146
241
195
-162
-235
111
40
203
146
-173
-107
117
-80
-141
-193
150
-4
189
-138
62
254
137
173
4
56
-83
138
246
-36
-31
219
-225
-213
141
-217
228
-158
-190
-42
246
154
219
157
43
-15
114
231
56
-178
125
-126
186
-184
217
-44
244
-70
130
-118
-240
161
-24
-95
-172
-80
158
161
6
11
62
-150
-185
-99
243
-132
16
-236
-15
135
58
56
-75
-66
20
-159
-94
79
69
-63
133
206
143
-109
-158
150
204
241
-100
13
243
-21
232
141
96
-192
105
179
189
139
183
-161
67
49
-250
-253
-142
-143
119
-190
249
-220
197
125
-157
252
-141
-206
54
37
84
-183
203
-74
135
-141
-109
-86
-3
228
-30
-255
-232
3
-248
-199
112
189
15
-166
100
-61
88
234
50
-86
203
181
-67
156
232
-224
58
136
118
92
-205
128
200
-178
-29
-233
54
26
-129
225
57
87
55
-196
90
150
189
188
235
151
-82
67
-255
-104
-57
101
-222
-184
50
-25
252
23
106
-44
-241
-240
90
5
-173
-195
-198
204
-208
-7
-201
-175
7
-182
-191
98
117
104
158
-132
-104
-180
101
45
113
241
-25
-95
40
107
-106
223
-107
-10
-108
30
113
198
-38
-182
224
196
23
97
-107
-151
-214
-36
178
-31
-112
173
224
165
-129
-94
-204
-30
-189
236
-102
-129
235
-113
51
-226
-88
38
-97
-79
42
54
-27
32
-39
175
-147
107
179
-102
151
159
8
113
-183
