43340000
43340000
43340000
43340000
43340000
43360000
43350000
43350000
43340000
43350000
43350000
43350000
43350000
43350000
43350000
43350000
43340000
43350000
43360000
43360000
43340000
43350000
43350000
43360000
43360000
43340000
43350000
43330000
43380000
43340000
43340000
43340000
43330000
43340000
43330000
43330000
43340000
43320000
43330000
43310000
43320000
43300000
43320000
43300000
43300000
43310000
43300000
432e0000
43300000
43300000
432f0000
432e0000
432e0000
432e0000
432c0000
432d0000
43350000
43340000
43360000
43350000
43360000
43360000
43360000
43360000
43360000
43350000
43360000
43350000
43360000
43350000
43360000
43360000
43360000
43350000
43360000
43360000
43350000
43350000
43350000
43340000
43350000
43370000
43360000
43370000
43370000
43310000
43350000
43340000
43330000
43340000
43320000
43320000
43330000
43320000
43320000
43330000
43330000
43310000
43320000
43300000
432f0000
43300000
432f0000
432e0000
43300000
432e0000
432f0000
432e0000
432f0000
432e0000
432d0000
432c0000
43370000
43370000
43360000
43360000
43360000
43350000
43360000
43360000
43350000
43360000
43360000
43350000
43350000
43360000
43360000
43360000
43350000
43360000
43350000
43370000
43360000
43350000
43350000
43360000
431d0000
43360000
43330000
43540000
43350000
433d0000
43360000
43350000
43340000
43330000
43330000
43330000
43310000
43320000
43320000
43310000
43320000
43320000
43300000
43320000
43310000
43310000
432f0000
43300000
432e0000
432f0000
432e0000
432e0000
432e0000
432f0000
432f0000
432d0000
43360000
43370000
43360000
43360000
43360000
43360000
43360000
43360000
43370000
43360000
43360000
43360000
43360000
43360000
43350000
43370000
43370000
43360000
43350000
43360000
43360000
43360000
43360000
43350000
431f0000
43360000
43350000
432d0000
43350000
43470000
43160000
43350000
43350000
43340000
434b0000
43320000
43330000
43310000
43320000
43320000
43320000
43320000
43330000
43310000
43320000
43320000
43320000
43310000
432f0000
432e0000
43300000
432f0000
43300000
432f0000
432f0000
432e0000
43360000
43360000
43360000
43360000
43370000
43360000
43360000
43360000
43370000
43370000
43360000
43360000
43370000
43370000
43370000
43380000
43370000
43360000
433a0000
43340000
43360000
43370000
43370000
43360000
43300000
43340000
43470000
43190000
43320000
43510000
430f0000
43350000
43340000
43420000
43350000
43320000
43330000
43330000
43320000
43320000
43320000
43320000
43310000
43320000
43320000
43310000
43310000
43300000
43310000
43300000
432f0000
432e0000
432e0000
432f0000
432f0000
432f0000
43350000
43370000
43360000
43360000
43360000
43370000
43360000
43360000
43370000
43370000
43360000
43370000
43370000
43370000
43370000
43360000
43360000
43380000
432b0000
43380000
43380000
43370000
43350000
43370000
434b0000
43180000
43400000
43140000
43400000
43510000
43360000
43350000
43350000
432c0000
43330000
43320000
43350000
43330000
43320000
43300000
43310000
43320000
43320000
43330000
43320000
43310000
43320000
43320000
43300000
432f0000
43300000
432e0000
432f0000
43300000
432e0000
432f0000
43360000
43370000
43360000
43370000
43360000
43360000
43370000
43370000
43370000
43370000
43370000
43380000
43360000
43370000
43370000
43380000
43300000
43370000
43360000
43390000
43470000
433a0000
43370000
43360000
434c0000
433a0000
43490000
43160000
430d0000
43540000
434f0000
43260000
43490000
432c0000
43350000
43340000
43330000
43340000
43230000
43320000
43330000
43320000
43320000
43320000
43330000
43320000
43320000
43320000
43310000
43310000
432f0000
432f0000
432e0000
432f0000
432e0000
43300000
43370000
43370000
43370000
43360000
43370000
43380000
43370000
43360000
43380000
43380000
43370000
43390000
43390000
43380000
43390000
43370000
43230000
432f0000
43360000
43450000
43490000
434d0000
43430000
43390000
43440000
43380000
432a0000
43200000
433a0000
43140000
43470000
431f0000
433d0000
431e0000
43360000
43340000
43350000
43470000
43430000
43340000
43340000
43330000
43310000
43320000
43320000
43320000
43320000
43330000
43300000
43320000
43310000
43300000
43300000
432f0000
432f0000
432f0000
43380000
43360000
43380000
43380000
43380000
43370000
43380000
43380000
43370000
43380000
43380000
43380000
43370000
43390000
433a0000
43380000
43350000
43320000
43350000
434e0000
43470000
43510000
43480000
433e0000
433f0000
432b0000
432b0000
432e0000
43330000
430f0000
43140000
432f0000
43110000
43140000
43350000
43360000
432f0000
43290000
43320000
43340000
43330000
43340000
43330000
43320000
43320000
43320000
43320000
43320000
43310000
43330000
43320000
43310000
43300000
432f0000
43300000
43300000
43390000
43380000
43370000
43380000
43380000
43380000
43380000
43380000
43370000
43380000
43380000
43390000
43390000
43380000
435c0000
433a0000
43370000
432b0000
43400000
433c0000
431b0000
43510000
43480000
43420000
433c0000
43240000
43440000
43130000
432f0000
430a0000
43470000
433a0000
43150000
43180000
43350000
43340000
43170000
43220000
43380000
43330000
433b0000
43330000
43330000
43330000
43320000
43320000
43320000
43320000
43320000
43320000
43310000
43320000
43310000
432f0000
43300000
43300000
43390000
43380000
43380000
43380000
43390000
43390000
43390000
43370000
43390000
43390000
43390000
433a0000
43390000
43380000
43370000
43200000
433d0000
43380000
43420000
43450000
43240000
43190000
43440000
433b0000
43120000
433f0000
43370000
42f40000
431c0000
43060000
43460000
43120000
43180000
43160000
43370000
433a0000
43520000
43450000
433c0000
43450000
432e0000
43340000
43350000
43330000
43330000
43320000
43330000
43320000
43320000
43330000
43320000
43320000
43320000
43310000
43310000
43300000
43380000
43380000
43390000
43380000
43380000
43390000
43380000
43370000
43380000
43390000
43380000
43380000
43390000
43390000
433b0000
43220000
43260000
434f0000
43510000
43400000
43450000
431c0000
430b0000
43350000
432f0000
43380000
43260000
42ee0000
43210000
43000000
43460000
43070000
430b0000
430f0000
43380000
43520000
43130000
43240000
43290000
43700000
43220000
43360000
43340000
43340000
43340000
43330000
43330000
43340000
43320000
43320000
43310000
43320000
43320000
43300000
43310000
432f0000
43380000
43390000
43390000
43390000
43390000
43390000
43380000
43380000
43390000
43380000
43380000
43370000
43270000
435a0000
43500000
43380000
43490000
43440000
434d0000
434d0000
43430000
43190000
43020000
42f00000
432c0000
42f60000
43280000
42da0000
431e0000
42f00000
43470000
42f80000
42fa0000
43070000
43500000
434d0000
43110000
432e0000
43360000
43540000
43360000
43350000
43360000
43350000
43350000
43350000
43340000
43330000
43340000
43330000
43320000
43320000
43320000
43320000
43330000
43310000
43380000
43380000
43390000
43380000
43370000
43390000
43390000
43380000
43390000
43370000
43390000
43390000
43110000
43350000
431f0000
43500000
43410000
435c0000
43510000
43460000
43470000
43440000
43020000
42dc0000
43230000
42fe0000
43130000
430c0000
431e0000
42f60000
434b0000
42d80000
42f60000
43060000
43540000
431b0000
430e0000
43300000
436b0000
43380000
43340000
43370000
43350000
43360000
43350000
43350000
43340000
43330000
43330000
43330000
43320000
43310000
43330000
43320000
43300000
43310000
43390000
433a0000
43390000
43380000
43390000
43380000
43390000
433a0000
433a0000
433a0000
43390000
433a0000
433a0000
431a0000
43270000
43350000
432b0000
43590000
43100000
430e0000
433e0000
431a0000
43360000
42e20000
42f60000
42ee0000
43160000
42d00000
43130000
43320000
43080000
42d00000
42ea0000
43080000
43560000
43170000
43040000
43510000
43300000
43620000
432f0000
434b0000
43360000
43360000
43360000
43360000
43350000
43350000
43340000
43330000
43340000
43330000
43320000
43320000
43320000
43310000
43390000
43380000
43390000
43390000
433a0000
433a0000
43390000
433b0000
43380000
433b0000
433b0000
433b0000
433b0000
433a0000
433b0000
432f0000
43590000
433c0000
430b0000
43090000
42fe0000
43260000
42e00000
431f0000
42aa0000
42ac0000
42240000
42a60000
41900000
42c80000
42920000
42c00000
42ea0000
42ee0000
43440000
430e0000
43060000
431b0000
43170000
43260000
431f0000
43360000
43360000
43370000
43360000
43360000
43360000
43360000
43320000
43340000
43350000
43320000
43340000
43320000
43320000
43330000
433a0000
43390000
433a0000
433a0000
433b0000
433b0000
433a0000
433b0000
433a0000
433b0000
433b0000
433c0000
43450000
433d0000
433a0000
43450000
432b0000
432c0000
430c0000
43030000
42f60000
42da0000
431b0000
42c80000
42c40000
42500000
42240000
41800000
41400000
41300000
41f80000
42b60000
42d20000
43190000
43300000
42f20000
43140000
430e0000
43150000
43210000
43370000
43380000
43360000
43370000
43370000
43350000
43360000
43360000
43350000
43340000
43330000
43350000
43320000
43320000
43330000
43320000
43390000
433a0000
433b0000
433b0000
433b0000
433a0000
433a0000
433c0000
433b0000
433c0000
433c0000
43280000
43190000
43190000
432a0000
43610000
430d0000
42f40000
42e00000
43060000
42e00000
42d60000
42d00000
42b40000
42000000
42140000
41500000
42400000
41000000
41800000
41100000
41880000
41700000
43030000
42dc0000
42d80000
43000000
43120000
43100000
43320000
43390000
43380000
43380000
43360000
43370000
43370000
43370000
43370000
43350000
43360000
43350000
43340000
43330000
43320000
43340000
43330000
43380000
433a0000
43390000
433b0000
433b0000
433c0000
433c0000
433c0000
433c0000
433c0000
433b0000
43390000
433c0000
433a0000
43560000
43220000
434a0000
43400000
430c0000
42cc0000
42b60000
42bc0000
42ae0000
41b00000
41800000
41880000
41500000
41500000
41500000
41700000
41200000
41000000
41900000
428c0000
42d80000
42da0000
42f20000
43060000
431a0000
43330000
43390000
43380000
43380000
43380000
43380000
43370000
43370000
43360000
43360000
43350000
43350000
43360000
43330000
43350000
43330000
43330000
43390000
433d0000
433c0000
433c0000
433c0000
433b0000
433c0000
433d0000
433c0000
433c0000
433b0000
43390000
433c0000
43360000
43590000
434b0000
433a0000
43570000
43230000
43390000
42f80000
42b80000
42bc0000
41800000
41980000
41000000
41b80000
41a00000
41a80000
41800000
41900000
41a80000
41500000
41a00000
42ac0000
43020000
43190000
430e0000
43390000
43360000
43350000
43380000
43390000
43370000
43380000
43380000
43370000
43370000
43350000
43350000
43350000
43360000
43350000
43350000
43330000
43340000
433b0000
433b0000
433c0000
433c0000
433c0000
433c0000
433c0000
433c0000
433c0000
433e0000
43470000
431d0000
43390000
431d0000
43250000
432a0000
43470000
43270000
43270000
43300000
432e0000
42d20000
42780000
41200000
41300000
41000000
41980000
41000000
41700000
41600000
41d00000
42440000
41400000
41400000
428a0000
43060000
42fe0000
432e0000
430e0000
431b0000
43210000
43290000
43590000
43370000
43370000
43380000
43370000
43360000
43370000
43370000
43350000
43360000
43360000
43360000
43340000
43340000
433b0000
433c0000
433c0000
433c0000
433c0000
433c0000
433c0000
433c0000
433c0000
43390000
43070000
43100000
43100000
43100000
43140000
432c0000
435a0000
43740000
43580000
43240000
43080000
42c40000
41980000
41700000
41800000
42180000
41200000
41800000
41880000
40c00000
41c80000
41200000
41400000
41300000
41880000
42c20000
430c0000
431d0000
43210000
43320000
43760000
43700000
436d0000
43480000
43390000
43380000
43380000
43380000
43370000
43370000
43370000
43360000
43360000
43360000
43360000
43340000
43390000
433c0000
433b0000
433d0000
433c0000
433c0000
433c0000
433d0000
433c0000
433c0000
433c0000
43530000
434a0000
431e0000
43230000
43450000
432e0000
43000000
42e80000
42f60000
42ea0000
43090000
41800000
40e00000
41500000
41c80000
41400000
41600000
41600000
42c40000
41300000
41200000
41300000
41600000
42040000
42fc0000
43020000
43290000
43580000
433d0000
43780000
43390000
43380000
43390000
43390000
43380000
43380000
43380000
43380000
43360000
43370000
43370000
43370000
43370000
43360000
43360000
433a0000
433c0000
433b0000
433c0000
433d0000
433d0000
433c0000
433d0000
433d0000
433d0000
433d0000
433c0000
43450000
43330000
43300000
43380000
433a0000
433e0000
42ea0000
42c60000
42d40000
42a00000
41980000
41700000
41a00000
41a80000
41980000
41500000
41500000
41600000
41600000
41400000
41600000
41200000
42600000
43070000
43170000
43420000
434d0000
43630000
431d0000
432e0000
43550000
43530000
43380000
43390000
43380000
43390000
43380000
43370000
43370000
43360000
43360000
43360000
43350000
43350000
433a0000
433c0000
433d0000
433d0000
433d0000
433d0000
433d0000
433d0000
433d0000
433d0000
43530000
432c0000
43230000
431d0000
431d0000
43160000
43140000
430e0000
43040000
42f00000
42d40000
42a60000
41900000
41000000
41b80000
41300000
42000000
41980000
41880000
41a80000
42080000
41600000
41200000
41400000
41e00000
42940000
43050000
43350000
430f0000
43190000
43180000
43160000
43170000
43190000
43190000
43380000
43390000
433a0000
43380000
43380000
43370000
43370000
43370000
43360000
43360000
43350000
433b0000
433d0000
433d0000
433d0000
433d0000
433d0000
433d0000
433d0000
433e0000
433e0000
43520000
43650000
43660000
43440000
43250000
43260000
431a0000
430a0000
42f60000
42da0000
42b80000
42a60000
41900000
41d80000
41b00000
41300000
41f80000
42140000
41f00000
41b80000
41000000
41500000
41600000
41500000
42500000
42ee0000
43100000
436d0000
436e0000
43280000
432f0000
43390000
432f0000
43380000
43390000
43380000
43390000
43390000
43380000
43380000
43380000
43380000
43380000
43370000
43370000
43360000
433c0000
433d0000
433c0000
433d0000
433d0000
433e0000
433e0000
433e0000
433e0000
433e0000
433e0000
433f0000
433e0000
43230000
43540000
43410000
43130000
43080000
42ee0000
42d80000
42da0000
42c20000
41500000
41100000
41900000
41a80000
41980000
41f80000
42080000
41500000
41700000
41900000
41200000
41700000
42de0000
435f0000
433a0000
43710000
43250000
43420000
433e0000
43390000
43420000
433a0000
43390000
43370000
433a0000
43370000
43390000
43390000
43380000
43380000
43370000
43370000
43370000
43370000
433d0000
433d0000
433e0000
433e0000
433e0000
433d0000
433e0000
433e0000
433e0000
433f0000
433f0000
43400000
43670000
43750000
435a0000
43060000
43090000
42d00000
42e80000
42ea0000
42c60000
42da0000
41a00000
41300000
41300000
41500000
41f80000
41a80000
41400000
40000000
41400000
41700000
41400000
41800000
42b20000
43650000
43790000
43690000
43770000
436f0000
433f0000
43360000
432b0000
43300000
43380000
43260000
43380000
433d0000
43390000
43390000
43390000
43390000
43380000
43380000
43370000
43370000
433c0000
433d0000
433d0000
433e0000
433e0000
433e0000
433e0000
433e0000
433f0000
433f0000
433f0000
435e0000
435f0000
436f0000
431f0000
43410000
42fe0000
43040000
43090000
43080000
42e20000
42c00000
42920000
41600000
41400000
41100000
42000000
41500000
41500000
41500000
41500000
41100000
41700000
420c0000
42f60000
43010000
43750000
43740000
43760000
437a0000
435f0000
43260000
43440000
43370000
433c0000
432c0000
43370000
43480000
433a0000
43380000
43370000
43390000
43390000
43380000
43380000
43360000
433e0000
433e0000
433d0000
433e0000
433e0000
433f0000
433f0000
433f0000
433f0000
433f0000
433e0000
43600000
433e0000
433d0000
43150000
43400000
435b0000
43190000
43210000
43020000
42d60000
42ec0000
42d60000
41e80000
42440000
41700000
41900000
41700000
41500000
41980000
41200000
41800000
41500000
42a00000
42b80000
43620000
43160000
43200000
433c0000
432d0000
433e0000
433d0000
433d0000
43430000
43450000
43300000
43460000
434d0000
43380000
433b0000
43360000
43380000
43380000
43390000
43370000
43380000
433e0000
433f0000
433f0000
433f0000
433f0000
433f0000
433f0000
433f0000
433f0000
433f0000
433f0000
433f0000
433c0000
43130000
431d0000
43440000
431d0000
431d0000
43000000
43100000
42de0000
43050000
42aa0000
42ae0000
41a80000
41900000
41400000
41000000
41600000
41000000
41300000
41700000
42880000
42ce0000
43060000
43450000
436c0000
43420000
43240000
432e0000
431f0000
43380000
43380000
43420000
43450000
43390000
43480000
43460000
433a0000
433f0000
433d0000
433f0000
43380000
43380000
43380000
43370000
433e0000
433f0000
433f0000
433f0000
433f0000
433f0000
433f0000
433f0000
433f0000
433f0000
433e0000
43430000
431c0000
431a0000
43160000
43210000
43360000
43160000
43200000
42f80000
43050000
42d80000
42fa0000
42e20000
42d60000
42240000
41800000
41800000
41200000
41600000
41880000
42580000
42d80000
42fe0000
430e0000
43430000
43170000
43550000
43790000
433b0000
432a0000
431f0000
43320000
43300000
43350000
433b0000
433e0000
43120000
43290000
43490000
43310000
43390000
43390000
433a0000
43390000
43390000
433e0000
433f0000
433f0000
433f0000
433f0000
433f0000
433f0000
433f0000
433f0000
433f0000
433f0000
43420000
432d0000
432d0000
43370000
43150000
43680000
431c0000
43170000
43070000
42f20000
430b0000
43070000
42e00000
42c00000
42a20000
42a20000
42600000
42080000
42900000
42b20000
42ea0000
43070000
433d0000
431a0000
435e0000
431f0000
431c0000
43210000
433a0000
433d0000
431c0000
43130000
43280000
431f0000
432d0000
431f0000
43250000
431c0000
43480000
43210000
434c0000
43390000
43370000
43380000
43380000
433f0000
433f0000
433f0000
433f0000
433f0000
433e0000
433e0000
43400000
433f0000
433f0000
43400000
433d0000
43400000
433c0000
43350000
43570000
431d0000
43410000
431a0000
43050000
430c0000
42ec0000
43050000
43000000
42f40000
42ec0000
431a0000
42fe0000
43080000
42d40000
42f20000
42ec0000
43340000
43660000
43690000
43760000
43740000
43270000
43200000
43300000
43390000
433f0000
43220000
430c0000
430d0000
430e0000
42ea0000
43200000
42f40000
43130000
431c0000
433c0000
43360000
43380000
433a0000
43390000
433f0000
433f0000
433f0000
43400000
433f0000
433f0000
43400000
43400000
43400000
43400000
43400000
43400000
43400000
43470000
431f0000
43520000
43620000
432c0000
43600000
430d0000
43160000
430f0000
43150000
43100000
42e80000
43010000
43690000
43110000
43160000
43050000
43110000
436c0000
43650000
43650000
436d0000
43680000
437b0000
43720000
43280000
43210000
43320000
43250000
43230000
43290000
42e60000
41c80000
41b00000
41b80000
42440000
42ee0000
431e0000
432c0000
43520000
43510000
433a0000
43380000
433f0000
433f0000
43400000
43400000
43400000
43400000
43400000
43400000
433f0000
43400000
43400000
433f0000
433f0000
43180000
43370000
43400000
433f0000
430b0000
430a0000
434d0000
434d0000
43100000
43000000
431b0000
430e0000
436e0000
43690000
43560000
436e0000
43170000
43370000
43700000
436e0000
43650000
436b0000
43640000
43340000
43210000
43760000
431e0000
430d0000
430c0000
431b0000
43100000
42180000
41b80000
41980000
41800000
41800000
42180000
43230000
43420000
434d0000
435e0000
433f0000
433d0000
43400000
43400000
433f0000
43400000
43400000
43400000
43410000
43410000
43410000
43400000
43410000
43410000
43410000
43400000
43410000
43430000
431a0000
43610000
43390000
43300000
43510000
435c0000
43170000
42f80000
43320000
436f0000
43500000
43700000
436b0000
43600000
43710000
436e0000
43220000
435b0000
43600000
43550000
435e0000
43260000
43270000
43680000
43130000
430b0000
42f80000
42f00000
41e00000
41c00000
41980000
41700000
41300000
41a00000
42d60000
433b0000
43180000
433f0000
43480000
43530000
43400000
43400000
433f0000
43400000
43400000
433f0000
43400000
43410000
43410000
43410000
43410000
43410000
43410000
43410000
43410000
43400000
432a0000
43220000
43200000
43540000
433b0000
43130000
433e0000
43300000
43460000
43760000
43770000
43750000
43690000
436f0000
43700000
43760000
43430000
436c0000
43480000
435f0000
435b0000
43580000
433f0000
434a0000
43400000
43290000
43270000
431c0000
41b80000
421c0000
41b80000
41d00000
41600000
41800000
42380000
43070000
432c0000
43450000
43250000
42e00000
43400000
433f0000
43400000
43410000
43410000
43410000
43410000
43400000
43410000
43410000
43410000
43400000
43410000
43420000
43420000
433e0000
433a0000
43400000
431e0000
43190000
43280000
43430000
43210000
43500000
43630000
43760000
43760000
43790000
43330000
432c0000
43710000
43740000
43590000
436f0000
436b0000
435d0000
43510000
43510000
43630000
43260000
43130000
43140000
432e0000
430c0000
41d80000
42080000
41800000
41d80000
41800000
41600000
41900000
43150000
430f0000
43160000
428c0000
42a80000
43410000
43410000
43410000
43410000
43410000
43410000
43400000
43420000
43410000
43420000
43420000
43410000
43420000
43420000
43420000
43410000
433b0000
43400000
43150000
43250000
43190000
431c0000
43730000
43640000
43710000
43780000
43780000
43790000
43320000
432e0000
43730000
43740000
433f0000
43430000
435e0000
432f0000
43610000
43470000
435e0000
434d0000
431e0000
430f0000
43040000
42c60000
41f00000
41b80000
41a80000
41980000
41900000
41500000
41800000
43130000
433e0000
43400000
42aa0000
43280000
43420000
43410000
43410000
43400000
43400000
43400000
43420000
43420000
43420000
43420000
43420000
43420000
43420000
43420000
43420000
433b0000
43400000
43550000
43130000
43440000
43180000
43720000
43290000
43670000
43730000
43770000
437a0000
43370000
43300000
432d0000
436a0000
43700000
43410000
43420000
43410000
434e0000
43190000
43400000
43250000
43130000
43230000
430a0000
43010000
42d20000
42140000
42100000
422c0000
41b80000
41a00000
41700000
41800000
43290000
436e0000
434b0000
431b0000
43350000
43410000
43410000
43420000
43420000
43420000
43420000
43420000
43410000
43420000
43420000
43420000
43420000
43430000
43420000
43420000
43420000
43410000
43100000
431a0000
432e0000
43140000
43130000
42ca0000
43560000
43460000
43770000
43760000
43310000
432d0000
432c0000
42de0000
436d0000
433f0000
43420000
43420000
43420000
433d0000
432c0000
43550000
433a0000
431d0000
43110000
431d0000
43190000
423c0000
42040000
41b00000
41b80000
41700000
41700000
41980000
43090000
43100000
431a0000
43330000
43360000
43420000
43420000
43410000
43420000
43420000
43420000
43420000
43420000
43420000
43420000
43420000
43420000
43400000
43420000
43420000
43400000
43420000
43400000
43400000
43270000
43410000
43430000
43410000
434f0000
43790000
43660000
43790000
432c0000
432c0000
432d0000
42ea0000
43530000
43420000
43420000
43420000
43410000
43630000
436a0000
43380000
43260000
432d0000
433c0000
43110000
430b0000
42d00000
41d80000
41980000
41a00000
41800000
41900000
42900000
436b0000
433b0000
43240000
433f0000
433b0000
43420000
43420000
43420000
43420000
43420000
43420000
43420000
43400000
43420000
43410000
43420000
43430000
43420000
43420000
43030000
42fc0000
43060000
43060000
43050000
431c0000
43440000
43410000
434c0000
436c0000
43290000
43230000
43450000
431c0000
43290000
43610000
42dc0000
43240000
43540000
43410000
43410000
43420000
43420000
43420000
43420000
434a0000
434d0000
43590000
43490000
43180000
430b0000
420c0000
41a80000
41a00000
41880000
41980000
43060000
43710000
43720000
43650000
43430000
43390000
43410000
43420000
43420000
43420000
43420000
43420000
43410000
43420000
43430000
43430000
43420000
43430000
430d0000
430f0000
430c0000
42f20000
42fe0000
43010000
43080000
43000000
43000000
43440000
434d0000
436f0000
433f0000
43090000
43410000
43450000
43220000
43370000
43070000
431c0000
43420000
43430000
43420000
43420000
43420000
43420000
434a0000
435a0000
43610000
43460000
43320000
43460000
43230000
43100000
42480000
41c00000
41e80000
42ca0000
43550000
436d0000
43640000
43740000
43370000
43250000
43420000
43420000
43410000
43420000
43410000
43430000
43420000
43430000
43420000
43440000
43180000
43080000
430b0000
43050000
430d0000
430a0000
430b0000
430b0000
43080000
43040000
43020000
43040000
43520000
434f0000
43420000
43240000
43440000
43430000
431b0000
43260000
42f20000
43430000
43430000
43420000
43430000
43430000
43420000
434b0000
43310000
43560000
433f0000
43490000
43450000
43470000
435a0000
43630000
43060000
42e60000
42f40000
43530000
436d0000
435a0000
43470000
42e00000
43430000
432c0000
43420000
43410000
43430000
43420000
43430000
43420000
43420000
43450000
43070000
430d0000
43010000
43010000
430a0000
43050000
43060000
42fa0000
43060000
430b0000
430d0000
43110000
43140000
42cc0000
42bc0000
43440000
43440000
430a0000
43440000
43420000
43190000
43120000
42f20000
43440000
43440000
43440000
43420000
43420000
43410000
43580000
43640000
433d0000
43460000
43350000
433f0000
436c0000
43640000
434c0000
43530000
43460000
435e0000
436d0000
43720000
434c0000
43760000
434f0000
43340000
433a0000
43410000
43420000
43430000
43430000
43450000
43430000
43360000
43040000
430a0000
430b0000
430b0000
43030000
43060000
43060000
43030000
43000000
43120000
43120000
43200000
43340000
43280000
43070000
42ac0000
42960000
43450000
43140000
434d0000
43460000
43450000
43130000
432c0000
43420000
43430000
43430000
43440000
43430000
43420000
43420000
434d0000
43440000
43400000
435c0000
43630000
436a0000
436e0000
435a0000
435b0000
43660000
43620000
436e0000
43750000
43660000
43400000
43730000
42fe0000
434a0000
43410000
43410000
43430000
43430000
43450000
43040000
42fc0000
430a0000
430c0000
430e0000
430d0000
43140000
43300000
43410000
43460000
43440000
43450000
43440000
43440000
43450000
43450000
43440000
43460000
433c0000
42680000
433c0000
433c0000
43450000
43470000
42ce0000
43420000
43450000
43450000
43450000
43450000
43430000
43440000
43440000
43560000
43450000
43450000
43620000
43730000
43650000
43630000
43710000
436d0000
43670000
434b0000
436d0000
43770000
43770000
43400000
43400000
43220000
430b0000
43440000
43410000
43440000
434d0000
43040000
430a0000
43080000
43220000
43430000
43440000
43440000
43450000
43440000
43440000
43450000
43440000
43440000
43450000
43450000
43450000
43450000
43450000
43440000
43460000
43180000
42ee0000
433d0000
43430000
434f0000
42dc0000
43440000
43450000
43460000
43460000
43450000
43460000
43440000
43430000
43430000
43420000
434f0000
436b0000
436a0000
43740000
43690000
43540000
43730000
43730000
432d0000
436e0000
43770000
43620000
43460000
433f0000
43360000
431d0000
43450000
43430000
43430000
43450000
43450000
43450000
43450000
43440000
43450000
43450000
43460000
43450000
43450000
43450000
43470000
43450000
43450000
43450000
43460000
43450000
43470000
43450000
43470000
43470000
43460000
429c0000
43510000
43440000
43560000
42d60000
43460000
43450000
43450000
43470000
43460000
43440000
43450000
43450000
43440000
433d0000
435d0000
43440000
436a0000
43460000
43670000
43620000
435b0000
43750000
43300000
436a0000
43720000
43450000
43410000
43410000
433f0000
432c0000
43450000
43450000
43440000
43440000
43450000
43450000
43440000
43440000
43440000
43460000
43450000
43460000
43460000
43470000
43470000
43470000
43470000
43470000
43470000
43470000
43470000
43470000
43470000
43460000
43480000
43310000
43490000
43460000
436b0000
42b60000
43440000
43460000
43450000
43460000
43460000
43460000
43450000
43460000
43460000
433f0000
43450000
43480000
435d0000
436d0000
43420000
43730000
43530000
43660000
43370000
43530000
435c0000
43520000
43410000
43410000
433f0000
43260000
43460000
43460000
43450000
43460000
43460000
43460000
43470000
43470000
43470000
43470000
43470000
43470000
43470000
43470000
43470000
43470000
43470000
43470000
43470000
43480000
43460000
43470000
43480000
43470000
43470000
43460000
43110000
43460000
43460000
42e60000
43460000
43470000
43460000
43460000
43470000
43460000
43450000
43470000
43460000
43450000
43440000
43480000
43460000
43610000
43430000
43740000
43430000
43590000
43400000
434b0000
435d0000
43410000
43420000
43410000
43410000
42fe0000
43450000
43460000
43470000
43480000
43470000
43470000
43470000
43480000
43480000
43480000
43480000
43470000
43480000
43480000
43480000
43470000
43470000
43480000
43480000
43480000
43470000
43480000
43480000
43480000
43470000
43470000
430f0000
43570000
43390000
42fa0000
43490000
43470000
43470000
43460000
43460000
43470000
43450000
43460000
43450000
43450000
43450000
43460000
43450000
43440000
43450000
436a0000
43440000
43590000
43440000
43440000
434a0000
43400000
43420000
43410000
43420000
43060000
43470000
43480000
43470000
43470000
43470000
43470000
43460000
43480000
43480000
43480000
43480000
43480000
43470000
43470000
43480000
43480000
43480000
43480000
43480000
43480000
43490000
43480000
43480000
43480000
43470000
43470000
434c0000
43710000
43260000
42d40000
43480000
43470000
43480000
43480000
43460000
43470000
43460000
43470000
43470000
43470000
43450000
43450000
43460000
43450000
43440000
43480000
43430000
43430000
43430000
43440000
43410000
43420000
43420000
43420000
43420000
43150000
43470000
43480000
43480000
43480000
43480000
43480000
43480000
43470000
43480000
43480000
434a0000
43480000
43480000
43470000
43480000
434a0000
434a0000
434a0000
434a0000
434a0000
434a0000
434a0000
43490000
434a0000
434a0000
434a0000
43590000
432a0000
430b0000
43150000
43490000
43490000
43480000
43470000
43470000
43470000
43470000
43460000
43470000
43460000
43470000
43470000
43460000
43470000
43460000
43440000
43450000
43450000
43440000
43420000
43430000
43420000
43410000
43420000
43420000
43210000
