-198
95
63
-234
141
-153
-154
111
-26
177
-206
55
94
50
143
-185
-9
139
107
-173
-215
54
162
90
-10
-19
180
234
200
-100
-100
51
156
-141
149
132
-134
116
39
-74
-34
220
222
166
-17
-159
-226
68
-111
-25
-244
-38
148
-14
217
-95
113
-174
-243
72
-62
208
-225
135
75
-6
-156
-95
220
50
-224
-107
68
108
-26
-186
-184
53
87
-251
-163
-239
186
28
-181
-169
232
197
-236
-37
-60
-158
-164
-199
121
233
-150
11
-19
18
-5
-120
161
40
11
253
-92
-50
-173
-236
118
18
33
111
-84
-72
-128
-180
-153
-27
133
-93
-229
160
225
80
-107
-49
-222
248
205
-236
17
-176
110
-128
-64
57
-186
52
-53
81
-30
24
245
148
113
249
-208
180
-232
243
-110
-22
-91
-85
-164
-159
245
-153
143
104
7
-43
155
19
232
23
0
-196
127
241
-85
252
203
-197
152
-91
192
-171
235
203
26
181
140
42
-41
-188
179
40
134
128
67
50
-117
-71
-63
-87
-74
-116
-92
-126
41
109
-6
-147
-186
162
10
-251
-233
45
-183
36
-60
102
243
97
-9
-145
-56
-250
198
247
205
-106
121
201
-106
140
-177
-73
72
127
-91
-146
-178
-106
-225
-167
142
-80
-161
169
-113
-66
-255
-90
-56
38
-112
-133
9
100
9
114
-231
-244
-167
145
-120
120
103
-140
-130
189
206
95
-116
-97
-242
56
-65
156
61
-38
158
-137
-240
-17
155
199
226
-12
-94
-191
207
229
-191
-241
67
144
-222
-203
-186
206
-117
-147
238
-90
66
92
-175
110
-252
-212
118
-19
196
240
-75
-130
-204
3
-100
-66
24
88
-229
-195
-228
208
-87
-230
2
30
245
97
117
110
57
-251
-165
119
12
-17
102
-23
-245
-157
-83
46
146
35
-200
175
228
100
151
127
69
-70
106
110
58
-226
-102
-25
91
198
243
53
208
82
76
-212
-250
108
-149
-90
-177
112
-191
-231
-251
-219
152
65
-84
-11
-71
162
122
-253
-198
-191
97
-51
105
245
-7
-216
-50
86
-131
136
-1
76
240
134
