Channel B
[[ 2.4918285e-03 -8.2506724e-03 -1.3446122e-03 ...  8.6116707e-03
  -3.7378082e-03  6.4549991e-04]
 [-4.4256719e-03 -1.8835079e-05 -1.7478913e-02 ... -1.7407594e-02
  -2.4138789e-03 -2.4544687e-03]
 [-1.4542272e-02  6.5348931e-03  4.2905681e-02 ...  2.3287237e-03
  -8.2256086e-03 -1.3495141e-02]
 ...
 [ 8.1443079e-03  4.6480079e-03  1.7864840e-02 ...  1.3002226e-03
  -1.0230383e-02 -8.5944170e-03]
 [-1.2571752e-03 -4.1668423e-04 -5.3459872e-03 ... -1.4315682e-02
  -5.2651609e-03 -1.9292701e-03]
 [ 7.5833430e-03  3.0368776e-04  1.7679861e-03 ... -6.3041635e-03
   5.4136076e-04 -2.0875747e-03]]
Channel G
[[ 0.0005626  -0.01574581 -0.00189978 ...  0.00374665 -0.00078093
   0.0078691 ]
 [-0.00907994 -0.00188095 -0.01083748 ...  0.00325201 -0.00860407
  -0.01063525]
 [-0.01024296  0.00897591  0.02037967 ... -0.015879   -0.00318479
  -0.01465918]
 ...
 [ 0.02760156  0.03513427  0.01605774 ... -0.00392214 -0.00394039
  -0.01287985]
 [-0.00914711  0.00783218 -0.00145205 ... -0.00250025  0.00437621
  -0.00292862]
 [ 0.01532624  0.0031961  -0.00310626 ... -0.0012612   0.00193218
  -0.00434498]]
Channel B
[[-9.4154263e-03 -9.8015470e-03 -3.6916784e-03 ...  8.4505826e-03
  -1.1140957e-03  1.5725980e-02]
 [-2.0522868e-02  3.4056729e-04 -1.7438177e-02 ... -1.7300326e-02
  -4.2402777e-03 -1.0372101e-02]
 [-8.1788292e-03  4.7119232e-03  5.1013855e-03 ...  2.3080893e-03
  -3.6708477e-03 -6.7467289e-03]
 ...
 [ 8.0992216e-03 -6.3664909e-03  7.0957281e-03 ...  1.5561082e-02
  -4.0018396e-03  8.5291866e-04]
 [ 9.4624083e-06 -4.8034871e-03  6.3856724e-03 ... -1.6691893e-02
   7.4261450e-03 -5.2250936e-03]
 [ 6.2334687e-03 -8.4563512e-03  1.2862538e-02 ...  7.5586485e-03
   3.6082265e-03  1.0203712e-02]]
Channel G
[[-0.00966144 -0.01660313 -0.00375456 ...  0.00377679  0.00088561
   0.03904234]
 [-0.02299026 -0.00054814  0.00626104 ...  0.00309622 -0.01127977
  -0.02214068]
 [-0.00734363  0.00997548 -0.01599628 ... -0.02011326  0.00404102
  -0.01308113]
 ...
 [ 0.02911166  0.02562952 -0.00518022 ...  0.01644827  0.00098997
  -0.0057112 ]
 [-0.00359657  0.00392737  0.01159857 ... -0.00435974  0.01287277
  -0.00306858]
 [ 0.01489365 -0.00279082  0.01200318 ...  0.01378328  0.01051347
   0.02341085]]
Channel B
[[-0.00450137 -0.00602411  0.00311873 ... -0.00054466  0.00241484
   0.02565858]
 [-0.01606236  0.00261959 -0.00411093 ... -0.01521132 -0.00244396
  -0.00940612]
 [ 0.01038673  0.00993811 -0.00663214 ...  0.00045742 -0.00141171
   0.001744  ]
 ...
 [-0.00364836 -0.00309329 -0.01068071 ...  0.01128055 -0.00024182
   0.00997136]
 [ 0.00021947 -0.0018003   0.00431476 ... -0.01556624  0.01013631
  -0.00582251]
 [-0.00194603 -0.01330346  0.01004887 ...  0.01575811  0.00638719
   0.00957524]]
Channel G
[[-0.00147844 -0.01026763  0.00172791 ... -0.00744713  0.00777077
   0.06321251]
 [-0.015583   -0.00090682  0.01383177 ...  0.00186587 -0.01314764
  -0.02018113]
 [ 0.00040606  0.01300235 -0.02336552 ... -0.0213477   0.01258129
  -0.00686775]
 ...
 [ 0.00852249  0.02303669 -0.02144231 ...  0.0231716   0.00781934
   0.00937405]
 [ 0.00303807  0.00030333  0.01468601 ... -0.00426526  0.01575741
  -0.00455228]
 [-0.00130842 -0.00518516  0.0041438  ...  0.0245136   0.01460294
   0.02093468]]
