Channel B
[[-6.0689339e-04  1.4231558e-03  7.3316055e-03 ...  2.6178278e-03
   4.3357504e-04 -2.9434897e-03]
 [-4.8605306e-03  4.9075234e-04 -1.2511463e-03 ...  1.1560039e-03
  -1.2683710e-04 -1.5934335e-02]
 [ 8.2136225e-03  7.4967248e-03  4.4443067e-03 ... -1.0573096e-02
  -1.3803735e-02 -2.0028956e-03]
 ...
 [ 2.0234480e-03 -5.8380342e-03 -2.3825851e-03 ...  1.3192679e-03
  -8.6920448e-03 -8.2156417e-04]
 [ 7.9414165e-03 -8.0086980e-03  7.7348115e-04 ...  9.1014095e-03
   6.8836473e-04 -9.8630879e-03]
 [ 7.3094536e-03 -1.1607672e-03  5.1686643e-03 ... -1.8046533e-03
  -7.7111748e-05  3.5778836e-03]]
Channel G
[[-0.00152491 -0.00315748  0.00455712 ... -0.00816347 -0.00815007
  -0.00583232]
 [-0.00121959 -0.00544823 -0.00849398 ...  0.00134178 -0.00138843
  -0.01670745]
 [-0.00296356  0.00693691  0.00560304 ... -0.01876757 -0.00437916
  -0.00792495]
 ...
 [-0.00068473 -0.00283013  0.00128715 ...  0.01863978 -0.01496187
  -0.00134233]
 [-0.01539733 -0.00101994  0.01078626 ...  0.01011206 -0.00698522
  -0.00647572]
 [ 0.01072039 -0.00322828 -0.00010194 ... -0.00476214  0.01012073
   0.00521267]]
Channel B
[[ 4.3825014e-03 -8.4557459e-03  6.0976552e-05 ... -1.5721424e-03
  -6.2847957e-03 -6.0747643e-03]
 [-1.9328265e-02  4.7232583e-03  5.4184967e-03 ... -7.3021773e-04
   5.4419693e-03 -1.3912930e-02]
 [ 5.5229296e-03  4.6481588e-03 -7.7780159e-03 ...  2.7554642e-04
  -1.3050669e-02 -3.9565605e-03]
 ...
 [ 3.2179512e-04 -3.4885360e-03 -1.0874616e-02 ...  8.2677584e-03
  -1.1178210e-02  7.5714481e-03]
 [ 4.0616496e-03 -7.2419085e-03 -1.3705336e-03 ...  1.0747767e-02
  -7.4744545e-04 -1.1671883e-02]
 [ 1.2030830e-03  7.4582128e-04  3.5220869e-03 ... -1.7955588e-04
   2.9120417e-03  6.2693246e-03]]
Channel G
[[-0.00051713 -0.01390397 -0.00265961 ... -0.00826657 -0.0196264
  -0.00742898]
 [-0.00607591 -0.00096885  0.00603646 ... -0.00936923  0.0043692
  -0.01363907]
 [-0.00905192  0.00967817  0.00869344 ...  0.00910492 -0.00974252
  -0.00762646]
 ...
 [-0.00383115  0.00071369 -0.01171427 ...  0.01685932 -0.01634468
   0.01291048]
 [ 0.00921288 -0.00153365  0.00529248 ...  0.00309311 -0.00982967
  -0.00053623]
 [ 0.00395252  0.00093689  0.00373284 ... -0.00559792  0.01098025
   0.0121009 ]]
Channel B
[[-1.0813643e-02 -1.2109953e-03  4.0739947e-03 ... -3.7609618e-03
  -8.4045194e-03 -4.1101421e-03]
 [-1.6155045e-02  3.3042664e-04  2.8314698e-03 ...  3.8799408e-03
   1.0882318e-02 -1.2172839e-02]
 [ 1.3959367e-02  4.1269679e-03 -5.6302696e-03 ...  8.7758545e-03
  -3.2438899e-03 -3.4345812e-03]
 ...
 [ 9.1708098e-03 -6.2859273e-03 -1.2609004e-02 ...  1.6977531e-03
  -9.6289860e-03  5.1916544e-05]
 [-9.7496519e-03 -2.1479633e-03 -1.9520836e-02 ... -9.5207070e-04
   6.3222921e-03 -1.7897552e-02]
 [ 3.9352821e-03  4.7744825e-03  2.0808049e-03 ...  9.7545320e-03
  -1.2982457e-02  4.6863281e-03]]
Channel G
[[-0.00631402 -0.00200063 -0.00040323 ...  0.00702206 -0.01316136
  -0.00725462]
 [-0.00714863  0.0007534   0.00138671 ... -0.00688108  0.00497062
  -0.01271694]
 [-0.00143139  0.00755976 -0.0027772  ...  0.03341511 -0.0039894
  -0.00695576]
 ...
 [ 0.00422383 -0.00481418 -0.01018572 ... -0.00068886 -0.01647992
  -0.00017524]
 [-0.00647258 -0.00369251 -0.00893677 ... -0.00565223 -0.00080006
  -0.01003919]
 [ 0.00579964  0.00376185  0.00161035 ... -0.00053754 -0.0178497
   0.00512203]]
