Channel B
[[-4.1355654e-03  7.4719540e-03 -3.5011589e-03 ...  4.8985430e-06
  -2.5383946e-03 -5.2532647e-03]
 [-9.5383441e-03  1.4105609e-03 -1.6544206e-02 ... -1.5277497e-03
   1.1103683e-03 -1.7978617e-03]
 [-3.5196797e-03  8.3823400e-03  1.3701437e-03 ... -2.0436230e-03
  -3.3309839e-03 -3.5916462e-03]
 ...
 [-4.5142039e-03 -9.9071302e-03 -7.9011936e-03 ... -2.7418195e-04
   8.0459216e-04 -9.2149004e-03]
 [ 4.1336203e-03  1.6450328e-03 -1.2485307e-03 ... -4.8008596e-04
   1.4360374e-03 -2.3793117e-03]
 [-9.4606392e-03 -3.0288189e-03 -3.9379316e-04 ... -8.3740465e-03
  -8.4972137e-04  2.1901021e-03]]
Channel G
[[-0.00410446 -0.00154824 -0.00541876 ... -0.0022413  -0.00228597
  -0.00334858]
 [-0.00484788  0.00247201 -0.01298797 ...  0.00818997 -0.00454589
   0.00962644]
 [-0.00310206  0.00347902  0.00252036 ... -0.00583004  0.00011
  -0.00384454]
 ...
 [-0.00776592 -0.01441463 -0.00761552 ... -0.00392688 -0.00616983
  -0.00535331]
 [ 0.00101468  0.01671738 -0.00625725 ... -0.002523   -0.0049491
  -0.00091459]
 [-0.0079787  -0.00420196  0.0014527  ... -0.01227393 -0.00210561
   0.00549114]]
Channel B
[[-0.00441893  0.01374865 -0.00845908 ... -0.00221223 -0.00215952
   0.01234091]
 [-0.00633585 -0.00442368 -0.00391021 ... -0.00976586  0.01045097
  -0.01362366]
 [-0.00440114  0.00794552  0.0024298  ... -0.00541694  0.0008711
  -0.00986628]
 ...
 [-0.01345191 -0.01004303  0.00015145 ...  0.00016009  0.00375669
  -0.00909452]
 [ 0.00245954  0.00574874 -0.0040652  ...  0.00402215  0.00762884
   0.00594564]
 [-0.00932597 -0.00113636 -0.00624895 ... -0.01084639  0.00140982
  -0.00077058]]
Channel G
[[-0.00551303  0.00581868 -0.01079017 ... -0.0034392  -0.00076322
   0.01367309]
 [-0.0016712  -0.00332676  0.00743534 ... -0.00350478  0.00662457
  -0.00499307]
 [-0.00586137  0.00061301  0.00830108 ... -0.00987416  0.00506723
  -0.00771903]
 ...
 [-0.01296702 -0.01552689 -0.0008496  ...  0.00630461  0.00053288
  -0.00607468]
 [-0.001121    0.02913282 -0.00423872 ...  0.00293749  0.00034716
   0.00826061]
 [-0.00598739 -0.00091471 -0.00392263 ... -0.01368813 -0.00081274
   0.00736264]]
Channel B
[[-0.00426716  0.00863417  0.0017653  ... -0.00284228 -0.00017544
   0.02905377]
 [-0.00629397 -0.00176275 -0.00064216 ... -0.01010524  0.00343424
  -0.01413054]
 [-0.00368094  0.00639185  0.00707067 ... -0.00224088  0.00855041
  -0.00831523]
 ...
 [-0.01188509 -0.00778572 -0.00424755 ... -0.00014399  0.00020137
  -0.00233164]
 [ 0.00230761 -0.00094757 -0.00179582 ... -0.00405802  0.00583437
   0.01248539]
 [-0.00739295  0.00641176 -0.01015297 ... -0.01173329  0.00169781
   0.00115358]]
Channel G
[[-4.6121934e-03 -3.5942027e-03 -8.2181441e-04 ... -4.8108459e-03
  -4.4486544e-04  3.1866912e-02]
 [-1.1539590e-03 -5.1289191e-03  9.7467536e-03 ... -7.8298040e-03
   7.2513451e-03 -6.9858804e-03]
 [-5.9842491e-03  1.1220410e-04  9.4399462e-03 ... -4.5127114e-03
   8.9411046e-03 -8.3627049e-03]
 ...
 [-1.3188217e-02 -9.5722694e-03 -6.3713710e-03 ...  1.0499933e-02
  -1.7612021e-03 -3.1374573e-05]
 [ 1.2250920e-03  1.1734973e-02 -2.2689565e-03 ... -6.6982009e-03
   4.2833821e-03  1.2915190e-02]
 [-2.2119964e-03  1.1930618e-02 -3.4169836e-03 ... -1.3236060e-02
  -4.9758790e-04  1.2657574e-02]]
