Channel B
[[-0.00112611 -0.01391027 -0.00041529 ... -0.0023909   0.00559418
  -0.016781  ]
 [ 0.01138139 -0.00068303 -0.00876977 ... -0.00844152 -0.0037061
   0.01248943]
 [ 0.00218971  0.00176711  0.01239677 ...  0.01345556  0.01072393
   0.0057248 ]
 ...
 [-0.00870769  0.00426163 -0.00706245 ...  0.01548515  0.00463837
   0.007845  ]
 [-0.00065649  0.00768889 -0.00145298 ... -0.00735005 -0.00031042
   0.00847741]
 [ 0.00595665 -0.0032758  -0.00532116 ... -0.00203937  0.00135866
   0.00591905]]
Channel G
[[ 2.12769513e-03 -5.14811045e-03 -5.62243350e-03 ... -1.31134260e-02
   4.88865655e-03 -1.01500070e-02]
 [ 1.17016789e-02 -7.15120370e-03 -8.39244854e-03 ... -6.67586317e-03
  -5.10410266e-03  1.43477311e-02]
 [ 1.43261172e-03  2.12484729e-02  9.50200390e-03 ... -1.57885591e-03
   1.82978567e-02  3.79953301e-03]
 ...
 [-7.53166946e-03  2.99661653e-03 -4.78781341e-03 ...  9.03842878e-03
   4.02625185e-03  9.22073331e-03]
 [-3.35529796e-03  3.79348244e-03  1.26775482e-03 ... -5.82869118e-03
  -8.80411360e-03  7.26862065e-03]
 [ 1.36666895e-05 -3.68203758e-03 -3.14675691e-03 ...  2.22825771e-03
   7.57493125e-03  1.02467118e-02]]
Channel B
[[-0.00803796 -0.01139715  0.00658953 ... -0.00048105  0.00643613
  -0.01798237]
 [ 0.01671388 -0.00745473 -0.00819351 ... -0.00607861  0.00039344
   0.01272717]
 [ 0.00083603 -0.00047094  0.01177523 ...  0.01794146  0.00375302
   0.00012726]
 ...
 [-0.00850694  0.00607048 -0.00266443 ...  0.0142896   0.00249905
   0.0001795 ]
 [-0.00246597  0.00729254  0.00029441 ... -0.00363254 -0.00363338
   0.00507437]
 [-0.00116812 -0.0031503  -0.00082417 ... -0.00888786 -0.00548729
   0.00378749]]
Channel G
[[-4.3994840e-03 -3.4773985e-03  2.4324520e-04 ... -9.8478552e-03
   5.2105407e-03 -1.9750997e-02]
 [ 1.8595811e-02 -1.3364590e-02 -1.0276774e-02 ... -2.4149066e-03
   4.6067307e-05  1.2015791e-02]
 [-5.9196609e-03  9.2464583e-03  1.2100555e-02 ... -1.0529746e-04
   1.1059665e-02  2.6392685e-03]
 ...
 [-9.0694604e-03 -1.5434312e-03 -6.1027420e-04 ...  1.0944259e-02
   3.1392721e-03 -3.2530127e-03]
 [-5.2081901e-03  5.0921394e-03  3.9463271e-03 ... -4.0124017e-03
  -9.6984664e-03  7.1042958e-03]
 [-6.8691955e-03 -2.4716570e-03  1.9219221e-03 ... -4.5141336e-03
   1.7217621e-03  4.9247821e-03]]
Channel B
[[-0.00398386 -0.00772264  0.0057938  ...  0.00473351  0.00824284
  -0.00989352]
 [ 0.00895214 -0.00156958 -0.00267245 ... -0.00431917 -0.00722031
   0.0070815 ]
 [-0.00678315  0.00797656  0.01225333 ...  0.01353118  0.01134362
   0.01009167]
 ...
 [-0.00542716  0.00682501  0.00206868 ...  0.01154234  0.00135912
  -0.00560511]
 [ 0.00461982  0.00886387 -0.00509008 ...  0.00230618 -0.00210026
  -0.01282055]
 [-0.00171301 -0.01082297 -0.00623088 ... -0.0093614   0.00042358
   0.00602344]]
Channel G
[[-0.00784571 -0.00772077 -0.00041037 ... -0.00464762  0.00484151
  -0.00810109]
 [ 0.00703803 -0.00614653 -0.0033539  ... -0.00076693 -0.00410725
   0.00330237]
 [-0.01269763  0.0040695   0.01577616 ...  0.00205064  0.0135974
   0.02454954]
 ...
 [-0.0049402  -0.00060447  0.00370769 ...  0.00528302  0.00577831
  -0.00573271]
 [ 0.00647951  0.00504287 -0.00576301 ... -0.00384972 -0.01531604
  -0.01367134]
 [-0.00613218 -0.00785352 -0.00266636 ... -0.00286624  0.00813858
   0.00323665]]
