Channel B
[[ 0.00040788  0.00482621 -0.00911695 ...  0.01515699 -0.00273967
  -0.00483311]
 [ 0.00348924  0.0026059  -0.00810199 ...  0.00088699 -0.00708239
  -0.00079632]
 [-0.0112759  -0.00643837 -0.00805237 ...  0.00190411  0.00387627
   0.01963384]
 ...
 [-0.01499493  0.01203183  0.00098724 ... -0.00289861  0.00403316
  -0.00593429]
 [-0.00753337  0.00608531  0.00099001 ...  0.00016324 -0.00309622
  -0.00301808]
 [-0.00262523  0.00351887 -0.0025831  ... -0.00602027 -0.00885036
   0.00098583]]
Channel G
[[ 0.00030285  0.00264736 -0.01370993 ...  0.01491352 -0.00046567
  -0.00684899]
 [-0.00960118  0.00501031 -0.01130532 ...  0.00886708  0.00621224
   0.00248883]
 [-0.01134993 -0.00472286 -0.00857903 ... -0.0030492   0.00967197
   0.01902502]
 ...
 [-0.00448127  0.00553716  0.00468912 ... -0.00491006  0.0064007
  -0.00828019]
 [-0.0060083  -0.00075161  0.00082962 ...  0.00207461  0.00322995
  -0.00169727]
 [-0.00281035  0.01369943 -0.0020446  ... -0.00517684 -0.0090429
  -0.00179658]]
Channel B
[[ 2.2100990e-03  5.5384189e-03 -1.5132975e-02 ...  1.9224470e-02
  -2.9408543e-03 -2.0521404e-03]
 [ 4.3118023e-03 -4.6770396e-03 -9.8353922e-03 ... -1.1666426e-03
  -7.4702613e-03  8.9875823e-03]
 [-1.0015038e-02 -3.3119770e-03 -4.3816525e-03 ...  1.2870491e-04
   6.9006928e-05  5.3261453e-03]
 ...
 [-1.6532518e-02  5.7952018e-03 -1.0813671e-03 ... -3.8726421e-03
   3.8706555e-03 -8.5244412e-03]
 [-1.1083550e-02  6.0420837e-03  6.1287871e-03 ... -4.6640993e-03
  -1.6536749e-03 -4.9370639e-03]
 [-5.8246963e-03  2.7706837e-03  2.5976517e-03 ... -9.5750187e-03
  -3.3233848e-03  3.0767799e-03]]
Channel G
[[ 3.59932799e-03  1.19693214e-02 -1.60994809e-02 ...  1.80910621e-02
   3.29896147e-06 -6.10836258e-04]
 [-7.41903298e-03 -5.61146066e-03 -1.38216335e-02 ...  2.96197180e-03
   2.69207382e-03  7.01817824e-03]
 [-8.48251395e-03  9.95878596e-04  6.25522574e-04 ... -3.68017773e-03
   1.27349654e-02  4.87677474e-03]
 ...
 [-8.20725970e-03  1.95525214e-03  2.69707199e-03 ... -4.49266564e-03
   6.45229314e-03 -1.28380703e-02]
 [-5.50353806e-03  1.61080994e-03  1.39699667e-03 ... -2.52319360e-03
  -4.11227718e-03 -5.21757640e-03]
 [-2.69698747e-03  2.70054420e-03  3.79564380e-03 ... -7.66708190e-03
  -9.20492224e-03 -4.52092383e-03]]
Channel B
[[-0.00293454  0.00462881 -0.00969677 ...  0.01485448  0.00387839
   0.00185811]
 [ 0.00563784 -0.00604889 -0.00559246 ... -0.00498529 -0.00192063
   0.00407473]
 [-0.00484195  0.0002703  -0.00302167 ... -0.00149493 -0.01311647
   0.00269275]
 ...
 [-0.01797022 -0.00329879 -0.00612194 ... -0.00789268 -0.00174842
  -0.00264002]
 [-0.01114665  0.00513885  0.015188   ... -0.00487167  0.00245199
  -0.00342867]
 [-0.0061238   0.0088736  -0.00345014 ... -0.01097236  0.00266774
  -0.00479325]]
Channel G
[[-0.00614634  0.01403889 -0.00919489 ...  0.01606568  0.00888941
   0.00656511]
 [-0.00572579 -0.00333703 -0.00864026 ...  0.00198416  0.00786264
   0.00250779]
 [-0.00377366  0.00092424  0.00072909 ... -0.0049689   0.00385057
  -0.00071558]
 ...
 [-0.01221111 -0.00242003 -0.00481142 ... -0.0042202  -0.01019461
  -0.00580721]
 [-0.009044    0.0019437   0.0073401  ... -0.00514973  0.00036688
  -0.00537241]
 [-0.00035368  0.01537882 -0.00087626 ... -0.00713667 -0.00427656
  -0.01421334]]
