Channel B
[[ 2.4863151e-03  3.2909603e-03 -3.1307161e-02 ...  4.7185165e-03
   6.1004638e-04  1.0805934e-02]
 [ 1.3604028e-02  3.8090614e-03 -3.5043806e-02 ...  8.5036550e-03
   4.9989447e-03  2.4537373e-04]
 [-1.0296034e-02  1.1104525e-02 -1.0556030e-02 ...  1.1811925e-02
   4.1463017e-03  1.0499414e-02]
 ...
 [ 2.1405031e-03  2.1734899e-03 -4.0928338e-02 ... -8.3418936e-03
   2.3573859e-02 -1.8547183e-02]
 [ 1.6126163e-02  8.0474259e-05 -3.9526999e-02 ... -3.9445353e-03
   8.4203091e-03 -6.9804006e-04]
 [-3.5146575e-03  1.0831606e-02 -2.2383004e-02 ...  1.9215534e-02
   4.2197295e-03 -1.5570730e-02]]
Channel G
[[ 0.00611094  0.00544823  0.01575418 ...  0.00560782  0.00193979
   0.01492024]
 [-0.0313426   0.01457188  0.01187445 ...  0.01218636  0.01494432
   0.0026073 ]
 [-0.02322759  0.02089112  0.01115373 ...  0.02361508  0.01060905
   0.00431247]
 ...
 [ 0.00283094  0.00563543  0.01726116 ... -0.0027621   0.03275542
  -0.01737316]
 [ 0.04872034  0.01241378  0.03649112 ...  0.00930428  0.00534809
   0.0068055 ]
 [-0.02034734  0.00138211 -0.02356743 ...  0.03241763  0.02194124
  -0.0302631 ]]
Channel B
[[ 0.00449298 -0.00398076  0.01722104 ...  0.00842886 -0.00010497
   0.00574579]
 [-0.00400592 -0.02417697 -0.01109287 ... -0.01526796  0.00681134
  -0.00305488]
 [-0.01563769 -0.0050001   0.00481709 ...  0.00551846  0.00462341
   0.00528824]
 ...
 [ 0.00378267 -0.00720065  0.02245717 ...  0.01217342  0.01661808
  -0.02852271]
 [ 0.00354971 -0.00791175  0.00650567 ...  0.00575854 -0.00052543
  -0.0032911 ]
 [ 0.00242216 -0.01421117  0.03405327 ... -0.00809886  0.00640509
  -0.02323554]]
Channel G
[[ 0.00658771 -0.00384311  0.06623388 ...  0.00546264  0.00269173
   0.00938945]
 [-0.05543555 -0.02008097  0.0339178  ... -0.02657944  0.00777757
   0.01453309]
 [-0.00556085 -0.0138856   0.03959812 ... -0.00072583  0.00443887
   0.00262149]
 ...
 [ 0.00270528 -0.0054539   0.08944737 ...  0.02451141  0.05105852
  -0.03435452]
 [ 0.05077563  0.00151661  0.08185928 ...  0.02163856  0.01261267
   0.00181507]
 [-0.02273368 -0.03009536  0.03852532 ... -0.00951037  0.00818073
  -0.03709273]]
Channel B
[[ 0.00485233 -0.00246043 -0.00962745 ...  0.01074415 -0.00284585
  -0.00190984]
 [-0.01195286 -0.01803581 -0.03363954 ... -0.0147683   0.01028615
  -0.00336993]
 [ 0.00498366 -0.01668853 -0.01205817 ... -0.01591268  0.01318583
   0.00029456]
 ...
 [-0.00569526 -0.01740894 -0.03645257 ...  0.00706359 -0.01586077
  -0.02611052]
 [-0.00387686 -0.02409834 -0.05609781 ... -0.0122878  -0.0030463
  -0.00103539]
 [ 0.01356857 -0.02099475 -0.01523956 ... -0.02879939  0.0174087
  -0.01869697]]
Channel G
[[ 0.00145291 -0.00642602  0.01148198 ...  0.01178591  0.00085163
  -0.00282667]
 [-0.02430617 -0.01826407  0.01503474 ... -0.02638122  0.02306162
   0.00471212]
 [ 0.01601236 -0.01257277  0.01227055 ... -0.01903212  0.01432742
  -0.00091646]
 ...
 [ 0.00231739 -0.01620902  0.01717829 ...  0.0123864   0.00753226
  -0.0298977 ]
 [ 0.01983128 -0.01121921  0.01707565 ... -0.01627616 -0.00272695
  -0.00183171]
 [-0.00389543 -0.03539421 -0.01640133 ... -0.04732401  0.01976712
  -0.02874926]]
