Channel B
[[-0.00230124 -0.00589181  0.00396524 ...  0.00086993  0.00431257
   0.00239815]
 [ 0.00693456  0.0017767   0.01871946 ... -0.03173976 -0.00421442
  -0.01763089]
 [-0.01279008 -0.00650781 -0.00410286 ...  0.00231483 -0.04678227
  -0.00375668]
 ...
 [-0.00047529 -0.02962835  0.03035385 ...  0.00151649 -0.02716959
  -0.00184431]
 [ 0.01417432 -0.00036448 -0.00233754 ... -0.02282377 -0.01600149
   0.0246631 ]
 [ 0.01186082 -0.02772005 -0.02486068 ...  0.0410957   0.05570638
  -0.0219317 ]]
Channel G
[[-0.00138295 -0.00554691 -0.00106138 ...  0.00182251 -0.00035902
   0.00999924]
 [ 0.00675601  0.0011039   0.02186376 ... -0.03564092 -0.00245027
  -0.00604407]
 [-0.01358049 -0.0086061   0.01281111 ... -0.00101042 -0.03837898
   0.01184791]
 ...
 [-0.00361973  0.04195568  0.05892465 ...  0.03102488 -0.01035779
  -0.02231383]
 [ 0.01487184  0.01868222 -0.03460577 ... -0.02320622 -0.01911652
   0.00865986]
 [-0.00593924  0.01083617  0.02813769 ...  0.01174144  0.08402791
  -0.0645612 ]]
Channel B
[[-0.00672968 -0.00632102  0.00124792 ... -0.0055187   0.00554611
   0.00274169]
 [-0.00190284  0.00239738  0.00745098 ... -0.06272504 -0.01167909
   0.01361774]
 [-0.02433497 -0.00958707  0.0051254  ...  0.00020348 -0.05181491
  -0.01062361]
 ...
 [-0.00082369 -0.04524378  0.04490649 ... -0.01489737 -0.03742132
  -0.02507511]
 [ 0.01205339 -0.00414178 -0.02232535 ... -0.08560444 -0.02150038
   0.05370148]
 [ 0.01720667 -0.02448263 -0.01100374 ...  0.04800767  0.03215368
  -0.0296083 ]]
Channel G
[[-0.00456148 -0.0046528  -0.00831684 ... -0.00554832  0.00118862
   0.00964665]
 [ 0.00262077  0.00577449  0.01197205 ... -0.06839665  0.00135026
   0.00591752]
 [-0.02973863 -0.00390353  0.01289642 ...  0.00062738 -0.04467322
   0.01304196]
 ...
 [-0.00297931  0.07042628  0.04677052 ... -0.02634397 -0.02755912
  -0.03544786]
 [ 0.00999665  0.0162281   0.00801675 ... -0.07521603 -0.01953307
   0.00738805]
 [ 0.00095306  0.05067848  0.02040597 ...  0.00451843  0.04477615
  -0.07429281]]
Channel B
[[-1.08065400e-02 -7.45501043e-03 -5.10151871e-03 ... -4.49332688e-03
   7.89736584e-03 -3.35464210e-05]
 [-6.12053089e-03 -1.79325249e-02 -1.11700445e-02 ... -4.62095961e-02
  -4.28734301e-03  2.02734675e-03]
 [-2.64673289e-02 -1.31910611e-02  1.76633168e-02 ... -6.08402630e-03
  -3.14402916e-02 -1.81844179e-02]
 ...
 [ 1.37444083e-02 -2.84396205e-02  1.88047513e-02 ... -1.93887874e-02
  -3.75849679e-02 -2.45505963e-02]
 [ 7.21093081e-03 -1.23673957e-02 -5.60066104e-03 ... -4.09601741e-02
  -1.16450675e-02  3.63268666e-02]
 [ 1.34990485e-02 -1.55054999e-03  5.54364361e-03 ...  3.92058305e-02
   2.16900297e-02 -1.13665536e-02]]
Channel G
[[-8.3216922e-03 -6.1896755e-03 -1.1343896e-02 ... -3.4054264e-03
   3.8599120e-03  7.2630523e-03]
 [-2.5520022e-03 -1.4163558e-02 -3.8005521e-03 ... -5.4591686e-02
   2.1775281e-03 -5.2355384e-03]
 [-3.2134585e-02 -2.8327694e-03 -2.2040391e-03 ... -1.6774023e-02
  -3.2266386e-02  2.2313513e-03]
 ...
 [ 3.2771428e-03  8.5531063e-02 -2.8432397e-02 ...  2.7268168e-02
  -3.3979874e-02 -1.6031496e-02]
 [ 3.9995816e-03  1.2314826e-02  3.0194914e-02 ... -5.2197576e-02
  -1.1435518e-02 -7.7038516e-07]
 [-1.0360629e-02  7.1435273e-02  1.6125793e-02 ... -1.4772110e-04
   9.0040350e-03 -3.9431360e-02]]
