Channel B
[[-0.00890296  0.03781697  0.01397566 ... -0.06354576  0.02834704
  -0.05549752]
 [-0.00566543 -0.0010556  -0.02292035 ... -0.00130956  0.02524783
  -0.02954038]
 [-0.0078514  -0.00438383 -0.01295862 ...  0.01220731  0.00044631
  -0.02491741]
 ...
 [-0.00582487  0.00378987 -0.0148563  ...  0.0012791   0.01275948
  -0.01338256]
 [-0.01543421  0.00562145  0.03052251 ...  0.01614133 -0.04200586
  -0.03356791]
 [-0.00421814  0.0295577   0.00257514 ... -0.02594563 -0.00135918
  -0.05851893]]
Channel G
[[-0.01033949  0.03759558  0.00687778 ... -0.05845454  0.0390824
   0.03700861]
 [ 0.00486768  0.00454719 -0.01622244 ... -0.02550175  0.01883967
  -0.00624489]
 [-0.00531207 -0.00119875 -0.01118924 ...  0.0198805  -0.01902021
  -0.00037909]
 ...
 [-0.00600388  0.00728633 -0.01539446 ... -0.00526854  0.01685329
   0.0037629 ]
 [-0.01789984  0.01469247  0.00951688 ...  0.1072607   0.02802339
  -0.01895384]
 [-0.00370884  0.03085285 -0.00570769 ... -0.03344966 -0.00465932
   0.01170183]]
Channel B
[[-0.01232987 -0.01912256  0.01292189 ...  0.04335548  0.01261281
  -0.0596397 ]
 [-0.0013186  -0.00951261 -0.01855272 ...  0.02883567  0.02385568
  -0.04067587]
 [-0.00425214 -0.00678346 -0.01387432 ...  0.02220702  0.01345247
  -0.02030174]
 ...
 [-0.00783586 -0.00257806 -0.01089318 ...  0.01925944  0.01593539
  -0.0189793 ]
 [-0.01944957 -0.03603433  0.06040226 ... -0.02227106 -0.05435304
  -0.04174038]
 [-0.00436492 -0.01089451 -0.00335957 ...  0.01725202 -0.0128519
  -0.04727291]]
Channel G
[[-0.01454338 -0.03680309  0.03512269 ...  0.00509551 -0.08081455
   0.10268276]
 [ 0.00781208 -0.01634714 -0.00899213 ... -0.03651886 -0.00837247
  -0.00734759]
 [-0.00176124 -0.00482095 -0.01338566 ...  0.01974117 -0.00624131
   0.00211909]
 ...
 [-0.00809419 -0.00544183 -0.00995591 ...  0.00103513 -0.00101502
   0.00989024]
 [-0.02141526 -0.01224876  0.04473642 ...  0.11836118 -0.0186819
   0.05112896]
 [-0.00361343 -0.01550301 -0.01553275 ...  0.02490698 -0.00695429
   0.01304942]]
Channel B
[[-0.00751168 -0.01577048  0.00440594 ...  0.08086284  0.01541395
  -0.03715253]
 [ 0.00367319 -0.00484256 -0.0094268  ...  0.01780133  0.01100122
  -0.03054876]
 [-0.0051204  -0.00292833 -0.01707426 ... -0.00119602  0.02559219
  -0.02381238]
 ...
 [-0.00698122 -0.00592698 -0.00453396 ...  0.01434737  0.01322996
  -0.01869336]
 [-0.01643662 -0.02889065  0.00516189 ...  0.00627482  0.03094593
  -0.03867915]
 [ 0.00787568  0.03532898 -0.00880537 ...  0.01036611  0.01501528
  -0.02251421]]
Channel G
[[-8.0353599e-03 -6.2174476e-03  3.1163041e-02 ...  1.9913402e-01
  -6.1715464e-03  1.3959934e-02]
 [ 1.3708244e-02 -4.0407688e-03 -9.8041911e-03 ...  5.2056506e-02
   6.7994660e-03 -1.6759994e-04]
 [-2.6818265e-03  9.3707413e-04 -1.7767297e-02 ...  7.0263017e-03
   1.1960495e-02 -2.3806111e-03]
 ...
 [-6.6778976e-03 -8.0667334e-03 -4.7893953e-03 ...  2.9981423e-02
   3.6359483e-03  6.4256210e-03]
 [-2.0041762e-02 -5.0523188e-02  2.0437514e-02 ... -9.1602266e-02
  -2.3918942e-02  5.6758139e-02]
 [ 9.3745077e-03  4.1464705e-02 -1.8998200e-02 ...  9.7406646e-03
   2.9186305e-02 -2.4192244e-02]]
