Channel B
[[ 7.11654220e-03  7.00819055e-06  9.24700499e-03 ...  4.03929735e-03
   8.05561524e-03 -3.74245713e-03]
 [ 1.12781115e-03  1.61532906e-03 -9.08267568e-04 ... -7.93790072e-03
  -4.59095975e-03 -8.13464867e-04]
 [-4.63789236e-03 -1.18727237e-02  6.58529717e-03 ...  7.42091658e-03
  -6.53812988e-03 -2.42086244e-03]
 ...
 [ 1.28063676e-03  1.49819313e-03  7.28668272e-03 ... -5.99841867e-03
  -2.01151473e-03 -1.18386478e-03]
 [-4.89709014e-03 -6.26946846e-03 -5.09714335e-03 ...  1.26905064e-03
   1.07506765e-02 -2.44210777e-03]
 [ 2.12570513e-03 -3.61318327e-03 -7.26481713e-03 ...  3.64817417e-04
   1.50787262e-02  4.10703570e-03]]
Channel G
[[ 6.6426997e-03 -6.0184053e-03  9.4217798e-03 ...  4.5345388e-03
   4.7120679e-04  3.5089660e-03]
 [-1.2412882e-02  1.6226519e-03  2.1841019e-05 ... -9.2682829e-03
  -1.3272022e-02  7.8497464e-03]
 [-2.2775009e-03 -1.3785151e-02  6.0477308e-03 ...  5.8212373e-03
  -4.0330994e-03 -3.0852670e-03]
 ...
 [ 9.4283661e-03 -7.8054360e-04  1.7143501e-02 ... -7.9408251e-03
  -7.7379891e-04  3.0214612e-03]
 [-3.2229167e-03 -2.8535430e-04 -2.0843653e-03 ... -4.6081305e-03
  -5.5695414e-03  6.8610986e-03]
 [ 9.5929706e-04  7.3872139e-03 -8.9172991e-03 ... -1.6585070e-03
   7.2458219e-03  6.1983592e-03]]
Channel B
[[ 5.4461109e-03 -9.1842178e-04  9.7792046e-03 ... -1.1916526e-04
  -3.4091668e-03 -6.9873463e-03]
 [ 2.5141069e-03  4.6023726e-03 -2.4617340e-03 ... -5.4885261e-03
  -7.0989886e-03  5.4202182e-03]
 [-9.0582827e-03 -1.0024211e-02  2.9446559e-03 ...  9.0154838e-03
   6.3727703e-04 -2.1891554e-03]
 ...
 [-3.0079000e-03 -9.6622760e-05  1.8570826e-03 ... -2.4240951e-03
   2.3420622e-04 -3.2746550e-03]
 [-5.0146291e-03 -3.5011463e-03 -6.0879178e-03 ... -7.9681020e-04
   2.8467629e-02 -1.1330202e-02]
 [-8.5228356e-03 -1.0742276e-02 -2.8467770e-03 ...  6.3641407e-03
   1.5579318e-02  2.6297206e-03]]
Channel G
[[ 0.00634043 -0.00555178  0.0112122  ...  0.00038486 -0.00739399
  -0.00259233]
 [ 0.00183797  0.00437067 -0.00216641 ... -0.009721   -0.00433123
   0.00684786]
 [-0.00252129 -0.00925008  0.0053892  ...  0.00601652  0.00739998
  -0.00347864]
 ...
 [ 0.00654198 -0.00180535  0.00687479 ... -0.00296626  0.0071987
  -0.00349612]
 [-0.01200146 -0.00095518  0.00321551 ... -0.00686675  0.0038103
  -0.00135953]
 [-0.01330769 -0.00595785  0.00200847 ...  0.00371312 -0.00485058
   0.00659805]]
Channel B
[[ 0.00875416 -0.0043664   0.00488168 ...  0.00083902 -0.0059974
  -0.01242128]
 [ 0.00401802  0.00035157  0.00397935 ...  0.01033336 -0.01191195
   0.01452597]
 [-0.01230627 -0.00749821 -0.00116881 ...  0.01003723  0.00378592
  -0.00327528]
 ...
 [ 0.00039238 -0.00511869 -0.00572134 ... -0.00519907  0.00244495
  -0.00264277]
 [ 0.00315165  0.0046     -0.00449595 ... -0.00707746  0.02203178
  -0.00998179]
 [ 0.00248351 -0.00445801 -0.00141727 ...  0.01146062  0.02318009
   0.00190563]]
Channel G
[[ 0.00947191 -0.00394198  0.00383985 ...  0.00204855 -0.00398352
  -0.00907041]
 [ 0.00409902 -0.00055256  0.0099547  ...  0.00661445  0.00168336
   0.00598632]
 [-0.00533674 -0.00310068 -0.0026811  ...  0.00630003  0.0092303
  -0.00112452]
 ...
 [ 0.00342692 -0.00357319 -0.00367653 ... -0.0029666   0.00297217
  -0.00551825]
 [-0.00608776 -0.00316021 -0.00334904 ... -0.01022448  0.00509558
  -0.00777695]
 [-0.00622822 -0.0055574   0.01330999 ...  0.01530193 -0.00171304
   0.00384858]]
