Channel B
[[ 0.16621928  0.14270182 -0.00402113 ...  0.06188282 -0.01740571
  -0.03006444]
 [ 0.00946945  0.00387477  0.05083659 ... -0.02779817  0.00171374
   0.00682723]
 [ 0.06326818  0.02128777 -0.01634653 ...  0.00088005  0.00668104
  -0.0014114 ]
 ...
 [ 0.00347491  0.08470196 -0.04072232 ... -0.01135232 -0.00748998
   0.00319077]
 [ 0.05972341  0.04976635 -0.00323119 ...  0.01431144  0.03031754
  -0.04239257]
 [ 0.13345967  0.04954842 -0.0178808  ...  0.02253852  0.03020207
  -0.0217075 ]]
Channel G
[[ 0.212008    0.02101276 -0.01476261 ...  0.02295805  0.01231023
  -0.03084228]
 [-0.00262175  0.00742094  0.06740309 ... -0.03065943  0.00180578
   0.00427369]
 [ 0.02271978 -0.0107841  -0.01310955 ... -0.0115752   0.04183597
  -0.00192269]
 ...
 [-0.00270304  0.07411617 -0.03322623 ... -0.01102772  0.01398313
   0.00534419]
 [-0.03205063 -0.02405849 -0.00452398 ... -0.00604043  0.2019626
  -0.05044915]
 [ 0.01681142 -0.02331673 -0.01408861 ... -0.00779278  0.1284286
  -0.02581845]]
Channel B
[[ 1.99202523e-01  5.03257252e-02 -1.93236247e-02 ...  1.62308700e-02
  -1.15369558e-02  1.55777042e-03]
 [-1.38656620e-03  4.52297740e-03  6.65066689e-02 ... -3.00004911e-02
   1.71904117e-04 -1.11898372e-03]
 [ 2.14257818e-02  1.79782789e-03 -1.76792312e-02 ... -6.09106943e-03
  -3.21686491e-02 -1.07312342e-03]
 ...
 [-1.47800148e-02  7.77616128e-02 -2.67065037e-02 ... -8.10234528e-03
  -1.15585206e-02 -5.30505227e-03]
 [-1.39283072e-02  1.69547591e-02 -1.20282415e-02 ...  1.25513040e-02
  -8.44068080e-02 -4.48253192e-02]
 [ 2.55671684e-02  7.02229328e-03 -2.82986648e-02 ...  1.17048556e-02
  -7.34802186e-02 -2.06979234e-02]]
Channel G
[[-0.02594107 -0.04974684 -0.02420838 ... -0.02395979  0.02090307
   0.01694995]
 [-0.0047829   0.01041733  0.08318234 ... -0.03187866  0.00348328
  -0.00356312]
 [-0.03811738 -0.01851971 -0.01439005 ... -0.01419607  0.03146131
   0.00411967]
 ...
 [-0.0179932   0.07177005 -0.01993751 ... -0.00612784  0.01665217
  -0.00748346]
 [-0.08915369 -0.04690553 -0.01373806 ... -0.00806835  0.06043597
  -0.04474451]
 [-0.10002108 -0.03553938 -0.02461364 ... -0.00750666  0.09110642
  -0.01065196]]
Channel B
[[-0.01115857 -0.00415539 -0.00683113 ...  0.00317358 -0.0652847
   0.08594564]
 [-0.00614584  0.00485422  0.05146275 ... -0.02237774 -0.00103413
  -0.00819015]
 [-0.0100107  -0.00159974 -0.01140921 ... -0.00387838 -0.03992936
   0.01135895]
 ...
 [-0.01688603  0.05182553 -0.02660149 ... -0.00199763  0.0043556
  -0.04493304]
 [-0.01341462  0.00632186 -0.00733474 ...  0.00459015 -0.02986111
   0.03692219]
 [-0.02888585 -0.00422424 -0.01428976 ...  0.01118233 -0.07521329
   0.01672423]]
Channel G
[[-0.10211428 -0.05265586 -0.01002381 ... -0.01378012 -0.04947533
   0.12595342]
 [ 0.0026535   0.01040757  0.06731492 ... -0.02375898  0.00061397
  -0.00996602]
 [-0.01507032 -0.01288713 -0.00877845 ... -0.01016402 -0.04762902
   0.01367175]
 ...
 [-0.00543789  0.03358882 -0.02111517 ... -0.00383131 -0.01023014
  -0.05329242]
 [-0.02218913 -0.0492078  -0.01388676 ... -0.01285688 -0.09370078
   0.05593099]
 [-0.02611668 -0.03501483 -0.01478168 ... -0.00286548 -0.10110191
   0.01944199]]
