Channel B
[[-0.01032663 -0.00257659  0.00023917 ... -0.00118999 -0.00975548
  -0.00247324]
 [-0.00987035 -0.00188853  0.00027567 ... -0.00998694 -0.00598259
   0.00440906]
 [ 0.01618356 -0.00938058 -0.00673406 ... -0.00242401  0.0109589
   0.01391672]
 ...
 [-0.01401766 -0.00308812  0.00341502 ...  0.00533249 -0.01703558
  -0.01363592]
 [ 0.00174194 -0.00995234 -0.0004359  ... -0.00241841 -0.01685557
   0.0105464 ]
 [-0.0047731  -0.00666777  0.00507127 ... -0.00120527  0.00355558
   0.0011733 ]]
Channel G
[[-0.00664286 -0.00347881  0.0023919  ... -0.00753906 -0.00572045
  -0.00924839]
 [-0.00297288  0.00334521 -0.0031863  ... -0.01156237 -0.00790791
   0.00592659]
 [ 0.02537774  0.00253286  0.02177078 ...  0.02153028  0.01672795
   0.02455831]
 ...
 [-0.00773528  0.0067616  -0.00116095 ...  0.00441491 -0.01448656
  -0.01290209]
 [ 0.01032175 -0.00736615 -0.00586766 ... -0.00404951 -0.01985915
   0.01015603]
 [-0.01550798  0.01915963  0.00027086 ... -0.00627749  0.00434006
   0.00017349]]
Channel B
[[-0.01507155  0.00358128  0.00196503 ...  0.00193003  0.01647393
  -0.01304376]
 [-0.01050312 -0.00134233  0.00839629 ... -0.00613174 -0.00777115
  -0.00734501]
 [ 0.01592805 -0.00049356  0.02064569 ...  0.03442174  0.02817444
   0.04316417]
 ...
 [-0.0026351  -0.01553944  0.01795537 ...  0.00562342  0.0075464
  -0.01321224]
 [-0.00840738 -0.00108227 -0.00815255 ...  0.00750582 -0.02109739
   0.00446511]
 [ 0.00356539 -0.00149671  0.00390028 ...  0.00224968 -0.00123406
  -0.00528687]]
Channel G
[[-0.01694009  0.02771579 -0.00196666 ... -0.01364134  0.01781077
  -0.01669872]
 [-0.00762253  0.00268658  0.00514761 ... -0.01134475 -0.00981413
  -0.00615228]
 [ 0.02459215  0.01229812  0.04963673 ...  0.05453148  0.03919746
   0.05248035]
 ...
 [ 0.0046102  -0.01764932  0.01430875 ...  0.00583571  0.00879334
  -0.01144431]
 [ 0.00686999 -0.00989954 -0.01380552 ...  0.00388898 -0.02330898
   0.00592778]
 [-0.01128179  0.02839438  0.00083868 ... -0.00476626 -0.00487527
  -0.00683465]]
Channel B
[[-0.01056957 -0.00665005  0.01142708 ...  0.01139829  0.02489107
  -0.02011585]
 [ 0.00346275  0.00579921 -0.0016354  ... -0.00675596 -0.00529717
  -0.01250674]
 [-0.00470242 -0.00387823  0.00208222 ...  0.03557344  0.01333868
   0.04474102]
 ...
 [ 0.01492241 -0.01122008  0.01464776 ...  0.00756622  0.03028598
  -0.00393884]
 [-0.0050791   0.01317839 -0.0102953  ...  0.00772063 -0.02133997
   0.00211469]
 [ 0.01114384 -0.01192755  0.00320558 ...  0.00300401 -0.01195268
  -0.00813317]]
Channel G
[[-1.7050862e-02  8.5801063e-03 -1.1448601e-03 ... -5.1566060e-03
   1.4596687e-02 -2.2867976e-02]
 [-3.1765723e-03  5.4888562e-03 -6.6678520e-05 ... -9.5449537e-03
  -5.3874101e-03 -1.2188508e-02]
 [ 1.0631406e-02  3.7243038e-03  2.0514825e-02 ...  4.7818642e-02
   2.9697789e-02  5.1543467e-02]
 ...
 [ 3.0424166e-02 -1.3262295e-02  8.8337921e-03 ...  1.0478054e-03
   2.5228640e-02 -4.4527883e-03]
 [-1.2594914e-03  3.2238732e-03 -2.0502424e-02 ...  5.1448764e-03
  -2.7008524e-02  2.2741579e-03]
 [ 3.7463554e-04  1.9758637e-03 -2.4394244e-03 ... -5.2188290e-03
  -1.6097998e-02 -1.2308732e-02]]
