Channel B
[[-1.2453815e-02  8.4065599e-03 -5.2884505e-03 ... -2.0458191e-03
  -3.9235945e-03  1.3068381e-03]
 [ 1.1556690e-02  2.4605596e-03 -4.0908258e-02 ... -4.9206265e-03
  -1.6342339e-03  8.9423070e-03]
 [-1.4346992e-04 -5.6587318e-03  1.8406698e-02 ... -2.0884068e-03
   2.6332182e-06 -2.5072826e-02]
 ...
 [ 1.3788823e-02 -6.5818019e-03  9.6537033e-03 ...  7.1761045e-03
   3.4572545e-03  5.3317398e-03]
 [ 2.6583332e-03  7.7770464e-04  2.8623934e-04 ... -5.4058307e-03
   8.9311972e-03  1.4004302e-02]
 [-8.5393311e-03  1.4339479e-03 -2.9187903e-03 ...  3.7766052e-03
   2.0545458e-02 -1.3586803e-02]]
Channel G
[[-1.2017647e-02  1.5125084e-03  3.4313013e-03 ... -1.5783070e-02
  -2.3950101e-03  2.9357350e-03]
 [ 1.0716780e-02 -1.7288590e-03 -1.8321734e-02 ... -3.8793201e-03
  -1.7472282e-02  3.0940589e-03]
 [-2.7881276e-03  1.0900215e-02  7.3146983e-03 ...  1.3235089e-03
   5.7123411e-03 -2.0649919e-02]
 ...
 [ 5.3464090e-03 -7.6107467e-03 -2.9526609e-05 ...  1.0646222e-03
   7.1641444e-03  5.5095232e-03]
 [-1.9748907e-03 -5.1874020e-03 -3.5047913e-03 ... -7.6520708e-03
   6.4858370e-03  7.2937277e-05]
 [-8.1395293e-03 -1.7234440e-03 -1.7195275e-02 ...  6.5138312e-03
   2.6278889e-02 -7.4020172e-03]]
Channel B
[[-1.66037567e-02  2.41671409e-02 -1.76821016e-02 ... -8.38128850e-03
  -3.02293082e-03  3.58365453e-03]
 [ 9.80825536e-03  1.05249183e-02 -4.66881320e-02 ... -7.78164901e-03
  -3.83233977e-03  2.94483802e-03]
 [ 1.34947952e-02 -1.25661753e-02  1.29038952e-02 ...  1.43833098e-03
  -5.72983874e-03 -1.78362131e-02]
 ...
 [ 9.57040023e-03  1.17314365e-02  1.55258663e-02 ...  2.69203974e-05
   2.30762083e-03  7.98452704e-04]
 [-2.26363889e-03 -2.44599045e-03  5.42335818e-03 ... -7.61786243e-04
   7.27130566e-03  2.00658664e-02]
 [-6.25453144e-03  8.70768726e-03  5.96766314e-03 ...  2.25311015e-02
   1.17731886e-02 -8.07471387e-03]]
Channel G
[[-2.05247719e-02  9.02097579e-03 -1.39437476e-03 ... -1.84835698e-02
   1.36483200e-02  1.48000638e-03]
 [ 8.35212879e-03 -3.76963033e-03 -2.36531124e-02 ... -4.67878534e-03
  -1.02635678e-02 -9.82333149e-05]
 [ 1.35796964e-02 -1.72847509e-02  9.88537073e-03 ...  7.85652269e-03
   1.02855563e-02 -2.21692659e-02]
 ...
 [ 4.50371159e-03  7.92721228e-04  8.28000717e-03 ... -1.25710340e-03
   2.60498724e-03  6.89739687e-03]
 [-4.07085335e-03 -4.51655919e-03 -2.78022187e-03 ...  1.75143685e-03
   7.57344998e-03  1.27716700e-03]
 [-4.38698288e-03  1.11662695e-04 -1.52793936e-02 ...  3.82050462e-02
   3.65496846e-03 -6.30834652e-03]]
Channel B
[[-0.01456514  0.00964932 -0.01160871 ...  0.00259297 -0.00805761
   0.00221104]
 [ 0.00619267  0.00893716 -0.0451339  ... -0.00612379 -0.00400708
   0.00647112]
 [ 0.01430687 -0.00266729  0.00341038 ...  0.00344639 -0.00086287
  -0.01336759]
 ...
 [ 0.01290592  0.00914617  0.00828087 ... -0.00439319 -0.00814243
  -0.00226692]
 [-0.00131062 -0.0056492   0.00637933 ...  0.00666188  0.00444209
   0.00441963]
 [-0.00642832  0.00418222  0.00765334 ...  0.01208141 -0.00666857
   0.00032509]]
Channel G
[[-1.6632022e-02  4.5450418e-03 -6.6714305e-03 ...  2.2819776e-03
  -6.3166568e-05 -4.7179610e-03]
 [ 2.9754038e-03 -6.4076218e-03 -2.8596355e-02 ... -2.3572480e-03
   4.7432231e-03  4.6734934e-04]
 [ 2.3618501e-02 -1.8991122e-02  4.6000020e-03 ...  1.0840021e-02
  -9.1838883e-03 -2.7470911e-02]
 ...
 [ 8.7497728e-03  1.6124401e-03  3.0653100e-03 ...  4.5301830e-03
  -7.3983786e-03  4.4782306e-03]
 [-1.2045737e-03 -2.8733118e-03 -5.1875883e-03 ...  1.1714272e-02
   7.6220240e-03 -5.7795616e-03]
 [-4.0770411e-03  5.6384052e-03 -1.1061716e-02 ...  2.3805106e-02
  -1.3426859e-02 -2.9756208e-03]]
