Channel B
[[ 0.42947057  0.11727387  0.03401296  0.35422093 -0.0865837   0.22968295
   0.06683242  0.04133838  0.13026784  0.03291035  0.09615457 -0.09222532
  -0.15587331  0.0522968  -0.08324417  0.15728769  0.0291196   0.05094835
   0.19055748 -0.04372229  0.3618031   0.23902874  0.16667192 -0.18046746
   0.04404821  0.09592837 -0.04381131 -0.1884835  -0.04399502 -0.18985446
  -0.23386982  0.12836744 -0.11059975  0.00571336 -0.24479656 -0.30530283
   0.060938   -0.32816252  0.1711953   0.10265407 -0.11063665  0.33012986
  -0.05869728  0.18478717  0.01050853  0.10668027 -0.13086924 -0.36283946
   0.06440807  0.09335972  0.00401619  0.37814805  0.05268804 -0.27078936
   0.11060741 -0.11819526  0.04298935  0.35323623 -0.28468162 -0.20289008
  -0.284944   -0.13224158 -0.05334752  0.00757738]
 [ 0.55037946  0.02087744  0.09883115  0.43703237 -0.10985146 -0.19237703
   0.09789737  0.07935189 -0.2751774  -0.14232883  0.17323188  0.04103169
   0.29249442  0.01629656 -0.12607214 -0.15555367 -0.05317234  0.18129717
  -0.2077193  -0.13894619  0.25539106  0.3563149   0.00118498 -0.48702785
   0.11533792  0.1163794  -0.07708844  0.10368702 -0.07185701 -0.00388477
  -0.2635083   0.12447353 -0.0746256  -0.15612163 -0.29000348 -0.4322604
   0.05063162 -0.43103257  0.29444188 -0.10993682  0.06623434  0.18029599
  -0.07049958  0.3077179   0.09669701  0.09883999 -0.06726889 -0.4840571
   0.16756544 -0.05524461  0.12566034  0.50040096 -0.07442727 -0.3387222
  -0.02613011 -0.07352738 -0.11533686  0.17063108 -0.36752653  0.13339569
  -0.36689544 -0.08482055 -0.05113892  0.03749434]
 [ 0.4800154  -0.17269668  0.03755771  0.4087754  -0.0820337  -0.04828076
   0.06561838  0.11799728  0.16427684 -0.15978716  0.14613639 -0.09036129
  -0.21903016 -0.12617548 -0.09937377  0.16049297  0.18870655  0.09347539
   0.07497339  0.12632439  0.2384992   0.35597178 -0.12046139 -0.30833825
  -0.02083396 -0.15872632 -0.07149437 -0.05043453 -0.03383944  0.21956988
  -0.29206657  0.14893703  0.01326195 -0.00503388 -0.27007344 -0.40322903
  -0.17164022 -0.36889768  0.13081503 -0.0358882  -0.10626303  0.29136992
  -0.06310713  0.28635997 -0.04254856  0.10345241 -0.02848322 -0.45139903
   0.19618554 -0.08979315 -0.15111087  0.46370047  0.12699455 -0.27397472
   0.04517473 -0.23849334  0.00912306  0.2996781  -0.31998897  0.08725975
  -0.33848372 -0.12713556 -0.05029916  0.03489657]]
Channel G
[[ 0.373467    0.16206263  0.00170863  0.27866557  0.19084392  0.23940392
  -0.11207201  0.11657716  0.09586009 -0.05266473  0.50021327  0.10438558
  -0.14431474 -0.01378012 -0.38120896  0.13965815 -0.03295433  0.08374372
   0.16667616 -0.1041602   0.30849633  0.30987528  0.17097801 -0.117245
   0.00966333  0.12468038 -0.39102998 -0.17792737 -0.03687759 -0.17633693
  -0.16781022  0.08564197 -0.1236757  -0.0181762  -0.2626171  -0.16753504
   0.06914271 -0.27985194  0.21669765  0.04595486 -0.11243556  0.35892653
   0.13775158  0.18296133 -0.05518027  0.2862331  -0.1867422  -0.38248262
  -0.10362787  0.26183617  0.01031087  0.14995824  0.02540543 -0.31478256
  -0.14417367 -0.04717913  0.09854051  0.11756504 -0.04440473 -0.24480745
  -0.18103454 -0.14820713 -0.23530066 -0.06303568]
 [ 0.44007453  0.04734124  0.05138195  0.3227509   0.23999788 -0.22363968
  -0.12558413  0.2128092  -0.3185305  -0.2511458   0.6085159   0.29481015
   0.34778324 -0.07863537 -0.45902365 -0.1929288  -0.10486918  0.19839597
  -0.25816104 -0.19135612  0.15677808  0.3799369  -0.02594189 -0.40951347
   0.06701437  0.13944666 -0.495031    0.17416753 -0.02275022  0.02269586
  -0.16567972  0.09525505 -0.07831065 -0.19752818 -0.32222342 -0.20673625
   0.04089997 -0.350037    0.32921073 -0.19758695  0.06585026  0.20340009
   0.1689757   0.29837188  0.00467647  0.35624322 -0.13530047 -0.46559554
  -0.09247749  0.13476901  0.13452438  0.15793252 -0.0775722  -0.32948962
  -0.33279872  0.02083533 -0.04046623 -0.13316667 -0.04093431  0.1433036
  -0.20320873 -0.09884989 -0.29619575 -0.07043571]
 [ 0.4085474  -0.17037505 -0.00496297  0.3144911   0.25096548 -0.08605088
  -0.14696138  0.25529897  0.16928768 -0.27969706  0.5649865   0.13328667
  -0.19743554 -0.22639902 -0.41710737  0.15084587  0.18121564  0.11005884
   0.04183868  0.127719    0.14157274  0.3978873  -0.17090142 -0.23790501
  -0.07155016 -0.16319121 -0.46935585  0.02727965 -0.00187677  0.27089405
  -0.21533535  0.13036445  0.03292726 -0.03748786 -0.30398133 -0.19461407
  -0.20385186 -0.28371742  0.15459608 -0.11990397 -0.11452698  0.3116725
   0.15044418  0.27824068 -0.13263085  0.33046445 -0.07600795 -0.4435787
  -0.03699766  0.05867117 -0.16209759  0.16602094  0.16893545 -0.2633102
  -0.2454975  -0.17497575  0.0872103   0.02390032 -0.02897463  0.12510653
  -0.20189942 -0.12236057 -0.2764504  -0.03907965]]
Channel B
[[ 0.27476987  0.14835016  0.16155984  0.09780094 -0.18646947  0.25140768
   0.1472195  -0.21259114  0.1113601   0.15295148  0.00384975 -0.15983562
  -0.14120808  0.20315832 -0.0433545   0.10083992 -0.04473094  0.0711324
   0.2015547  -0.08472029  0.27560392  0.09006898  0.17909338 -0.07990255
   0.07451686  0.12232669  0.18568173 -0.18481646 -0.3459624  -0.19384338
  -0.10912691  0.11066163 -0.0924182   0.19312122  0.09554115 -0.2414291
   0.07318608 -0.09964942  0.01644653  0.12120296 -0.01835439 -0.00446805
  -0.19022377 -0.06467631  0.17095707 -0.37709406  0.05354407 -0.18524732
   0.16197859 -0.16163439  0.0206385   0.3329566  -0.08019977 -0.15887783
   0.253484   -0.0987839  -0.12695695  0.2988668  -0.28596532 -0.24688537
  -0.22900179 -0.11431616  0.36549452  0.339939  ]
 [ 0.34573907  0.03104937  0.24075055  0.09673885 -0.23399651 -0.21034837
   0.20074116 -0.23328967 -0.29317632 -0.01564573  0.01206517 -0.05235679
   0.3578592   0.1776573  -0.04947374 -0.2362152  -0.09415262  0.1923367
  -0.21835856 -0.14635436  0.12054416  0.14790893 -0.01909573 -0.3758066
   0.14725193  0.13736778  0.24125536  0.14413531 -0.42247528 -0.01421229
  -0.09885683  0.11669213 -0.04749715  0.04034597  0.12724607 -0.32399613
   0.04168436 -0.12045752  0.10120346 -0.11337133  0.19449428 -0.23187284
  -0.23056777 -0.03182225  0.2796587  -0.4805826   0.18651542 -0.23572764
   0.30806005 -0.36483973  0.13894165  0.42490977 -0.23309128 -0.1435205
   0.13500369 -0.04329246 -0.30907845  0.09270763 -0.36213866  0.16017723
  -0.27594826 -0.06934191  0.43711686  0.41317144]
 [ 0.31047726 -0.18760149  0.16659534  0.09916737 -0.18142731 -0.07164131
   0.155517   -0.16804008  0.19656844 -0.05638141  0.00304555 -0.18831857
  -0.18859522  0.00424111 -0.03084002  0.10185438  0.23172282  0.0987699
   0.07823766  0.19359826  0.10057033  0.18229982 -0.16372119 -0.20362076
  -0.00051869 -0.16730706  0.22795013 -0.00488439 -0.37024724  0.22818473
  -0.15050288  0.14171803  0.0595953   0.1842132   0.11472005 -0.3044951
  -0.203079   -0.08745761 -0.06252337 -0.04197054 -0.00123176 -0.0971558
  -0.2185995  -0.02256021  0.11691329 -0.44129026  0.22551435 -0.22162372
   0.34061837 -0.40399408 -0.15829873  0.39816543 -0.00122763 -0.07121032
   0.19594613 -0.22775872 -0.1649529   0.23045376 -0.31702453  0.14986272
  -0.26034912 -0.09883884  0.40405855  0.3925612 ]]
Channel G
[[ 3.86807770e-02  2.02298447e-01  1.56414255e-01 -3.62367004e-01
   1.76087990e-01  2.67666608e-01 -5.26724681e-02 -1.49052441e-01
   7.72164986e-02  9.79724899e-02  4.89867747e-01  8.75689238e-02
  -1.06140725e-01  1.71877295e-01 -3.99291307e-01  2.90120393e-02
  -1.12106241e-01  1.03919454e-01  1.11782320e-01 -1.55789599e-01
   9.05414894e-02 -7.61016682e-02  1.79348752e-01 -3.49949521e-04
   2.74561942e-02  1.52785674e-01 -1.04213096e-01 -1.28944084e-01
  -4.32902575e-01 -1.78362042e-01  1.69678926e-01 -1.45823024e-02
  -6.34728074e-02  2.83511579e-01  3.73997629e-01  1.42289281e-01
   8.91655385e-02  3.34116101e-01  4.29484574e-03  1.88636966e-02
   2.44153328e-02 -1.69336021e-01  1.99450254e-02 -3.31725121e-01
   1.38755485e-01 -2.45718718e-01  1.17272660e-01 -8.14520195e-03
  -2.99310964e-02  2.31066477e-02  4.23107333e-02 -2.20603868e-01
  -1.50458962e-01 -1.35780364e-01 -3.42523716e-02  1.39012812e-02
  -1.03649266e-01 -1.28682598e-01  2.73522764e-01 -2.86743253e-01
   1.42149478e-01 -5.20089604e-02  2.57149011e-01  3.71682674e-01]
 [ 4.06322069e-02  6.58102185e-02  2.20311403e-01 -4.24664468e-01
   2.05864489e-01 -2.36093074e-01 -4.31273729e-02 -1.07274085e-01
  -3.35548252e-01 -9.18593705e-02  5.28295040e-01  2.54456282e-01
   4.37669992e-01  1.18445069e-01 -4.36910391e-01 -3.29839289e-01
  -1.48625806e-01  2.06355751e-01 -3.35441887e-01 -2.07049444e-01
  -1.17958814e-01 -8.45413879e-02 -5.16258217e-02 -2.76997328e-01
   8.50401297e-02  1.61256745e-01 -1.09213524e-01  2.64501214e-01
  -4.65058833e-01  1.21491915e-02  2.21382901e-01  5.35034621e-03
  -7.27669103e-03  1.15483850e-01  4.01585072e-01  1.63296551e-01
   3.88939120e-02  3.61924678e-01  7.38054886e-02 -2.48856917e-01
   2.40234792e-01 -4.07386810e-01  2.52011139e-02 -3.22560668e-01
   2.21472442e-01 -2.64927894e-01  2.43764937e-01 -4.94583417e-03
   2.13681739e-02 -1.55243859e-01  1.62634149e-01 -2.66253561e-01
  -2.78018236e-01 -5.69121465e-02 -2.03285918e-01  9.52897295e-02
  -2.64331251e-01 -4.12189454e-01  2.97577500e-01  1.76016212e-01
   1.68543562e-01 -3.78979952e-03  2.69412428e-01  4.09505904e-01]
 [ 5.02023660e-02 -1.77571565e-01  1.51188180e-01 -3.94421339e-01
   2.43798360e-01 -1.03272267e-01 -7.57858902e-02 -3.51117030e-02
   2.04575524e-01 -1.44742340e-01  5.05531192e-01  8.85766149e-02
  -1.44620553e-01 -6.01502173e-02 -4.04181093e-01  3.75170559e-02
   2.25618899e-01  1.12815462e-01 -1.97668355e-02  1.90134004e-01
  -1.31103203e-01 -2.52854265e-02 -2.19329834e-01 -1.17175855e-01
  -6.43960834e-02 -1.72511235e-01 -1.00678638e-01  1.21994048e-01
  -4.30766165e-01  2.78903902e-01  1.40345454e-01  4.21879813e-02
   1.23225600e-01  2.65389532e-01  3.78111184e-01  1.54334769e-01
  -2.28493020e-01  3.80950421e-01 -9.86046866e-02 -1.73262671e-01
   3.56260836e-02 -2.70264834e-01  1.30341314e-02 -3.07044864e-01
   6.13770373e-02 -2.50680268e-01  3.02002609e-01 -1.11840693e-02
   8.39938372e-02 -2.36142859e-01 -1.54860288e-01 -2.40648940e-01
   6.92391593e-04  1.28826099e-02 -1.23408929e-01 -1.22466579e-01
  -1.15515195e-01 -2.41969988e-01  2.93176144e-01  1.94910869e-01
   1.44164294e-01 -1.40649760e-02  2.59300828e-01  4.23764467e-01]]
Channel B
[[-0.05746817  0.12934428  0.01290302 -0.00097071 -0.23963833  0.22514924
   0.15202443 -0.2132176   0.10635132  0.23163976 -0.38299575 -0.22494633
  -0.17139398  0.20184605  0.22901718  0.12384758 -0.0429165  -0.08312926
   0.19310385 -0.06277645  0.13497761 -0.00071148  0.16053411  0.18449484
   0.04025492  0.07937991  0.272074   -0.19339779 -0.06763568 -0.15913573
  -0.04033394  0.15973611 -0.10283364  0.11672159  0.09352687 -0.10461871
   0.06187231  0.04458109 -0.08887924  0.10223453 -0.04090111 -0.11403126
  -0.19143637 -0.11015832  0.06857023 -0.34069246 -0.01713191  0.11510787
   0.07784141 -0.1369408   0.00498014  0.2709422   0.00196651 -0.00540928
   0.32685903 -0.03451736 -0.01578351  0.3250291  -0.3009948  -0.21393025
  -0.1624463  -0.14144939  0.24109964  0.04556021]
 [-0.05863491  0.03167877  0.07595883 -0.0481492  -0.33689022 -0.19264044
   0.22895685 -0.28242558 -0.28164104  0.10518216 -0.48918396 -0.16469611
   0.30069417  0.20032384  0.30938667 -0.20190401 -0.09909017 -0.0007545
  -0.19978707 -0.12267412 -0.03019952 -0.01092279 -0.00957824 -0.04814248
   0.11463996  0.10524599  0.4086302   0.08363787 -0.10352251 -0.06590685
   0.00267146  0.14212981 -0.07251924 -0.02443784  0.16730642 -0.14450736
   0.0492637   0.07618032 -0.03734917 -0.1041396   0.17332828 -0.36571217
  -0.24971613 -0.14375187  0.18363142 -0.4860552   0.11588541  0.15393226
   0.23466325 -0.33124816  0.12466028  0.35854527 -0.15689564  0.07197306
   0.24752659  0.04178403 -0.18305206  0.14676033 -0.3918991   0.14201447
  -0.18206213 -0.10501725  0.3395502   0.09863744]
 [-0.05087169 -0.16600266  0.01562795 -0.02741977 -0.27790195 -0.04586786
   0.18386579 -0.22125229  0.17174917  0.06816525 -0.45314637 -0.27611634
  -0.21276034  0.03813203  0.29788256  0.1039431   0.21362288 -0.07285507
   0.08573886  0.1817631  -0.02568433  0.03504165 -0.13394448  0.1070574
  -0.02194524 -0.17379802  0.37457848 -0.06530017 -0.06858932  0.10133076
  -0.05022326  0.15279444  0.01089093  0.11910769  0.14936899 -0.1379705
  -0.17413661  0.07536738 -0.17010963 -0.03258639 -0.01397882 -0.22289325
  -0.22979894 -0.11940004  0.03554726 -0.43794334  0.14379103  0.14303869
   0.25599322 -0.35029486 -0.15430553  0.32768586  0.03577188  0.12269582
   0.30062667 -0.13378069 -0.05257837  0.27573535 -0.35386804  0.11217672
  -0.17121053 -0.14974272  0.30680192  0.08827017]]
Channel G
[[-2.62249678e-01  1.71572417e-01  5.44555223e-05 -4.03173447e-01
  -1.41599089e-01  2.59826958e-01  9.82329026e-02 -1.85671866e-01
   1.13431305e-01  2.42600024e-01 -3.13440055e-01 -1.52323395e-01
  -1.58955529e-01  1.97767422e-01  1.58756286e-01  1.04332887e-01
  -8.18860233e-02 -9.71623659e-02  1.47463843e-01 -1.01474576e-01
  -2.56014206e-02 -2.05563650e-01  1.91442803e-01  2.77538925e-01
   1.52034611e-02  1.15322113e-01  2.49017000e-01 -1.85886472e-01
  -7.85235465e-02 -1.84557512e-01  1.80102304e-01  9.49554071e-02
  -1.01790354e-01  2.06063733e-01  3.65221560e-01  9.73473936e-02
   7.53613859e-02  4.59542006e-01 -1.29369870e-01  4.86027598e-02
  -1.62801556e-02 -2.85876036e-01 -1.29125312e-01 -3.79986167e-01
   5.75270206e-02 -2.95589030e-01  4.50552292e-02  3.44564468e-01
   5.64207211e-02  1.48149990e-02  1.61965080e-02 -1.17181307e-02
  -4.74085957e-02  3.15883271e-02  2.35761940e-01  5.09751029e-02
   4.24273638e-03  1.29520938e-01 -2.33768374e-02 -2.55773723e-01
   7.96652064e-02 -1.22728683e-01  2.44687453e-01  5.32913655e-02]
 [-3.30669671e-01  5.47101051e-02  4.86797579e-02 -5.15416980e-01
  -1.77195445e-01 -1.97426021e-01  1.41492218e-01 -1.98862240e-01
  -2.80506372e-01  9.84755233e-02 -4.06722009e-01 -4.49110419e-02
   3.54189575e-01  1.72226697e-01  2.24570900e-01 -2.39626676e-01
  -1.22881040e-01 -3.50016095e-02 -2.70007104e-01 -1.47489175e-01
  -2.43615434e-01 -2.85869956e-01 -1.04213674e-02  6.29161298e-02
   7.58564398e-02  1.33634523e-01  3.45526427e-01  1.48193136e-01
  -7.19793364e-02 -8.42410773e-02  2.61513501e-01  9.02951434e-02
  -6.05912544e-02  5.19780032e-02  4.39276874e-01  1.48839787e-01
   4.50038463e-02  5.39468646e-01 -9.56979990e-02 -1.86440110e-01
   2.01171532e-01 -5.51754475e-01 -1.52640134e-01 -4.43641156e-01
   1.49391815e-01 -3.68056089e-01  1.75286561e-01  4.35935706e-01
   1.36645108e-01 -1.59631297e-01  1.36745378e-01 -4.49670255e-02
  -1.82696432e-01  1.70078337e-01  1.17499143e-01  1.50199324e-01
  -1.44732818e-01 -1.13705084e-01 -2.74247322e-02  1.54039085e-01
   1.25214949e-01 -8.29023942e-02  2.95466095e-01  7.44469985e-02]
 [-2.85227507e-01 -1.66666731e-01 -7.96697661e-03 -4.68224823e-01
  -1.17673725e-01 -5.62276803e-02  1.04386508e-01 -1.28569543e-01
   2.19906688e-01  4.72991541e-02 -3.66203755e-01 -1.79876238e-01
  -1.93089277e-01  2.98582599e-03  2.21920937e-01  9.28537399e-02
   2.37850174e-01 -1.06818415e-01  3.31895687e-02  2.11305365e-01
  -2.33637869e-01 -2.16924280e-01 -1.57281324e-01  2.03627706e-01
  -6.31413385e-02 -1.73383057e-01  3.24808031e-01  7.11000059e-03
  -5.53761013e-02  1.05424121e-01  1.79611325e-01  1.11522153e-01
   4.48981002e-02  1.98541522e-01  4.07268018e-01  1.30484581e-01
  -1.99777722e-01  5.18441200e-01 -2.35845253e-01 -1.11056261e-01
   5.25391567e-03 -4.04626906e-01 -1.49255469e-01 -4.12016422e-01
   1.40741945e-03 -3.38343978e-01  2.19821334e-01  3.98770005e-01
   1.80333495e-01 -2.16985032e-01 -1.61380813e-01 -3.20339911e-02
   5.41123189e-02  2.17733368e-01  1.83255345e-01 -5.73729165e-02
  -8.67471471e-03  4.11275662e-02 -2.38770470e-02  1.53773516e-01
   1.01079494e-01 -1.09780088e-01  2.79203743e-01  9.46525261e-02]]
