00111011110100001010101101111110
00111011101010011100101100100010
00111001111010111011010011011111
00111011000100101010011100110100
10111011111110011100111001110101
00111011101011011011001100110111
10111011010110000110111011111100
00111001101000000011101010101111
00111100001010100001001100011001
00111011110010011010101101010110
10111010110110100000111001001011
00111010110110011101111111011000
00111010110011101111011101110011
00111011000011000111010110111000
10111010101000000100011111110011
00111010110110001001110111110010
