00111010110010110111000111001000
00111011100110110000110101100000
00111001101011001101111001110001
10111010100011000010101001001101
10111011010001110110010000111110
10111011001001111001111110110110
10111011011011110101110101010101
10111011010010001001001010101001
10111011010010110111000001110010
10111011110001100000011001010000
10111010011101101111010001001110
10111000011001000000011011101000
00111010110011010010110111001101
10111010101000011000111101110110
10111011100101001101000100110010
00111011000000110110100011110010
