132
132
132
132
132
134
133
133
132
134
133
133
133
133
133
136
132
133
134
134
132
133
133
134
133
132
133
134
135
132
131
132
132
132
131
131
131
131
130
130
131
127
129
129
129
128
127
128
127
127
126
125
125
125
124
124
133
132
134
133
134
134
134
134
134
134
134
133
134
133
134
134
134
133
134
134
133
133
133
135
219
133
134
228
134
146
132
131
134
132
135
130
132
133
133
131
130
129
130
129
128
128
128
126
127
126
126
127
126
125
124
123
132
133
134
132
134
133
134
133
133
134
132
133
133
134
134
134
133
134
133
135
134
133
133
134
191
135
135
247
138
227
134
133
135
131
130
134
132
133
133
132
133
133
131
130
130
129
130
128
127
126
127
127
125
126
126
124
132
133
134
134
133
134
134
134
135
134
134
134
134
134
133
135
133
134
133
133
134
134
134
136
197
136
129
211
138
238
184
133
134
133
245
133
134
132
133
133
133
133
131
132
130
131
130
129
128
127
128
128
127
126
126
125
135
133
134
134
135
135
134
134
135
135
135
134
135
135
135
134
135
134
217
137
137
134
138
134
216
134
237
193
132
249
183
133
135
236
155
133
133
134
133
134
133
133
132
131
133
132
131
129
128
130
128
126
127
126
127
125
133
135
134
134
134
135
134
134
135
135
134
135
135
135
135
134
134
138
195
220
132
135
135
144
243
204
239
188
221
251
222
137
135
210
134
134
132
134
134
130
132
133
133
131
133
132
133
130
129
128
127
127
126
127
127
126
132
135
134
135
136
134
135
137
135
135
135
134
137
135
135
133
224
136
138
226
239
179
138
134
247
231
254
200
194
255
248
187
247
212
136
135
134
136
206
133
134
133
133
133
131
133
133
129
131
131
130
128
127
126
127
128
135
135
135
134
135
136
135
137
136
135
136
135
135
136
135
135
202
217
134
243
244
252
219
138
243
233
233
213
234
186
240
201
233
193
134
135
135
239
244
135
135
134
132
133
133
133
133
131
128
130
132
131
130
128
126
126
136
134
136
136
136
135
136
136
135
136
136
136
135
137
138
136
138
220
222
252
246
253
250
191
240
224
242
232
233
200
193
229
188
187
133
132
222
205
147
132
134
135
134
133
133
133
133
133
134
131
130
132
129
128
131
126
135
136
135
136
136
136
136
136
135
136
136
137
137
138
251
138
138
218
234
232
225
255
250
243
240
223
249
223
236
204
246
238
195
200
134
140
196
201
133
132
167
134
134
134
133
133
133
133
133
132
128
131
128
128
130
127
135
136
138
136
137
137
137
139
137
137
136
136
135
137
133
206
162
147
239
245
232
228
247
246
226
247
246
209
222
207
251
214
207
202
136
234
240
240
228
235
142
135
133
134
134
133
133
133
133
131
133
133
132
131
132
127
137
137
137
136
136
136
137
139
137
137
138
136
139
139
138
206
217
251
254
242
251
234
218
238
237
246
230
208
224
209
248
210
197
198
135
254
199
210
207
249
143
134
135
135
132
133
134
132
133
133
132
133
129
129
131
129
136
137
137
135
137
137
139
139
136
139
136
139
211
252
219
129
249
244
252
254
251
231
217
207
233
205
232
206
223
210
252
200
187
198
250
243
202
217
219
209
134
133
134
136
133
133
132
134
133
134
133
133
133
131
131
132
136
136
137
138
137
137
137
139
139
138
139
139
180
222
203
251
245
248
252
254
251
253
223
205
225
216
218
228
224
204
254
182
192
205
252
229
200
215
250
136
132
134
133
134
133
133
133
134
131
134
132
133
131
133
131
132
137
136
139
139
140
139
137
140
140
139
139
140
142
198
213
231
223
252
215
224
249
234
249
211
214
181
218
184
222
247
212
174
187
217
248
215
190
244
138
249
211
236
134
134
134
134
135
133
135
131
132
134
133
133
131
130
137
136
137
139
138
140
139
141
140
141
141
141
141
135
232
220
254
242
206
219
215
240
213
231
190
165
112
114
89
185
133
166
186
198
253
213
194
211
189
200
194
132
134
135
134
134
134
134
134
132
133
133
132
131
133
130
137
138
138
138
141
141
140
141
140
141
142
154
172
150
139
198
224
228
210
206
211
204
229
202
171
75
72
24
11
22
43
169
184
222
236
189
216
195
188
199
132
136
134
135
135
133
134
134
134
135
135
132
131
135
134
129
140
140
139
140
141
140
140
142
140
142
144
206
190
196
221
255
212
205
197
203
193
188
197
170
67
64
15
69
16
27
16
29
55
224
182
187
199
204
182
162
137
136
136
134
135
135
135
135
133
134
135
135
131
132
131
132
140
138
140
141
141
142
142
141
141
141
142
143
230
228
250
220
251
243
212
187
174
171
158
56
31
20
20
13
34
22
13
14
21
137
182
177
188
187
195
136
137
133
136
136
135
135
135
135
134
133
133
134
136
133
133
133
140
140
142
142
141
142
141
142
142
142
143
143
137
136
244
250
242
254
232
246
192
165
158
34
23
8
43
38
48
31
32
25
16
26
155
192
207
200
136
140
138
136
137
135
136
136
135
135
133
133
133
134
133
134
132
133
142
142
142
142
142
142
141
142
142
139
239
184
230
208
217
238
254
238
240
243
245
178
126
6
20
11
33
10
46
30
33
69
21
21
127
190
189
233
198
196
200
202
251
142
135
136
135
134
135
135
134
134
134
134
133
133
142
142
142
140
142
142
142
142
142
143
171
175
184
190
203
229
246
253
252
243
224
203
45
22
31
61
17
19
20
10
53
27
19
17
14
127
194
204
209
221
248
255
253
244
137
136
136
135
135
135
135
134
134
134
134
133
140
142
141
143
142
142
142
143
142
143
144
200
231
204
206
241
235
200
195
192
180
210
27
8
25
42
11
11
13
133
27
15
24
18
78
180
192
218
250
237
250
151
140
139
137
137
136
136
136
134
135
134
135
134
133
134
141
141
141
141
143
143
142
143
142
143
142
144
236
221
225
234
244
250
196
171
170
149
34
19
47
31
20
13
12
11
21
25
24
21
99
197
207
233
253
251
210
223
252
227
135
135
136
137
136
135
135
135
135
134
133
133
141
143
141
141
143
141
143
143
143
143
232
214
199
194
192
193
193
194
191
182
166
143
27
15
46
20
35
16
16
23
45
30
21
20
54
145
204
232
210
211
206
200
195
191
191
140
137
136
136
136
135
135
135
134
134
134
139
141
143
143
143
143
143
144
144
144
212
251
249
231
210
217
217
206
192
178
168
143
30
37
50
20
31
44
31
36
20
29
25
19
102
183
212
252
252
223
226
144
141
140
138
139
136
137
137
137
136
136
136
135
135
135
140
139
142
143
143
144
144
142
144
144
144
146
146
205
244
247
209
205
194
171
170
158
24
16
33
44
35
35
30
23
33
38
10
19
180
249
243
249
225
234
141
145
179
141
141
179
136
137
137
137
136
136
135
135
135
134
141
141
142
144
144
143
144
144
144
145
145
146
254
252
255
186
183
177
179
187
162
168
52
13
20
23
57
54
29
14
15
24
16
23
157
252
251
253
253
254
228
134
189
183
141
183
142
207
136
137
137
137
136
136
135
135
140
141
141
142
142
144
143
144
144
145
145
252
250
254
202
241
195
185
189
190
185
174
127
25
14
23
58
33
29
33
33
18
22
72
197
203
250
253
255
253
249
214
224
227
140
210
142
241
138
135
137
135
137
136
136
134
142
142
141
144
142
141
143
141
145
145
142
229
148
146
183
231
246
202
227
191
175
180
173
79
63
22
27
26
23
27
15
23
32
125
161
250
214
228
248
226
163
234
233
241
245
219
248
251
142
200
138
140
136
136
135
136
143
143
143
143
142
145
145
145
145
145
145
143
145
178
181
233
200
217
196
198
180
192
156
153
56
29
14
9
22
19
15
22
131
159
197
235
253
238
210
223
203
230
232
248
246
240
250
249
230
224
177
224
137
136
136
135
142
142
145
143
145
145
145
145
143
145
144
196
180
188
184
193
227
203
210
184
191
177
191
167
158
93
34
37
22
27
28
106
181
185
210
244
214
241
253
231
209
191
239
234
239
245
248
223
227
184
221
152
136
138
137
137
144
143
145
145
145
145
145
146
145
145
146
236
204
204
221
190
245
206
200
191
189
197
191
174
174
149
138
116
87
122
150
174
198
240
218
254
215
207
206
142
202
184
202
237
225
237
226
238
219
190
206
179
139
138
136
137
143
145
143
145
145
144
144
146
145
143
146
146
146
150
224
235
197
237
204
193
197
181
191
197
181
188
219
185
203
186
181
190
238
252
253
250
251
210
205
219
235
229
217
208
211
211
198
238
204
211
208
138
141
148
138
135
143
145
143
142
143
145
144
146
146
144
146
146
146
179
193
229
251
226
240
197
202
193
205
197
185
195
255
211
216
207
201
254
252
251
254
253
253
251
210
201
233
222
226
184
192
54
45
48
111
191
223
212
239
204
138
141
143
143
144
146
145
146
146
144
145
147
146
145
145
207
216
168
143
189
192
252
242
213
198
202
203
254
253
253
254
222
237
254
249
250
255
254
222
203
245
191
200
215
224
217
85
41
33
25
28
79
201
241
171
201
158
141
144
145
143
146
144
146
147
147
147
146
147
147
147
148
147
147
189
244
219
218
248
253
198
179
234
252
249
254
251
254
255
253
236
253
254
244
252
205
207
250
177
193
188
167
56
47
38
21
16
30
177
245
199
219
169
192
144
144
143
144
146
143
144
147
147
147
147
145
147
147
147
149
217
198
203
245
243
207
235
231
251
252
254
255
252
253
253
254
204
253
254
254
253
254
148
232
244
231
208
159
40
88
44
47
22
26
84
201
208
190
145
89
144
143
144
146
147
147
147
146
147
147
147
146
147
148
148
226
221
148
198
196
219
238
201
254
248
253
255
254
251
241
255
254
197
253
250
252
247
249
255
205
193
197
235
215
50
65
20
53
29
23
35
216
209
166
55
65
144
144
146
147
147
147
146
148
147
148
148
147
148
148
148
229
176
146
183
204
206
203
250
254
253
254
252
254
243
232
254
252
150
145
252
222
240
230
254
244
207
202
189
122
58
44
24
38
31
21
30
208
237
228
84
123
144
147
145
146
146
146
148
148
148
148
148
148
148
148
148
230
148
227
185
228
184
253
154
251
253
253
254
243
233
223
238
253
149
148
147
240
199
192
182
191
211
190
186
157
67
70
76
49
38
24
34
227
252
245
204
199
145
147
148
148
148
148
148
148
148
148
148
148
146
148
148
148
147
178
171
219
187
134
87
247
242
251
254
234
225
220
92
254
150
148
148
148
197
217
247
226
203
194
177
145
85
69
49
46
19
24
38
194
211
207
174
145
146
146
147
148
148
148
148
148
148
148
148
148
148
148
148
148
147
153
143
210
158
146
149
234
251
251
255
223
217
217
103
216
235
148
148
148
249
253
218
206
210
240
196
201
170
48
36
33
26
37
121
252
237
139
156
159
148
148
148
148
148
148
148
148
148
147
148
149
148
151
102
93
94
97
98
200
148
149
165
250
153
143
146
212
212
246
102
129
247
147
147
148
146
149
148
215
251
254
253
235
212
75
47
37
41
46
199
255
255
253
148
160
145
148
148
148
148
148
147
149
149
149
148
152
114
102
104
83
88
96
95
98
96
151
176
253
151
126
147
147
200
173
122
118
147
150
148
148
148
148
215
249
252
253
247
253
228
218
110
57
61
172
254
252
254
254
151
157
146
148
149
148
150
149
148
149
149
156
131
107
109
103
107
101
100
100
102
96
94
114
189
227
152
148
149
152
190
158
109
149
149
149
148
149
145
194
211
252
250
253
255
253
253
253
206
173
193
255
253
252
245
99
153
161
148
147
149
149
147
148
149
153
103
106
95
96
102
97
105
94
99
108
106
114
116
108
82
152
149
120
161
152
181
133
111
147
147
147
149
149
149
252
238
238
240
230
246
253
252
254
255
253
254
254
254
237
254
246
160
177
149
149
149
149
149
147
157
104
108
107
106
97
97
99
95
90
137
141
156
150
141
126
85
72
151
134
176
149
149
138
157
150
150
146
147
146
149
150
248
235
233
253
254
255
254
254
254
254
254
253
255
253
152
254
117
192
149
149
149
149
147
100
95
104
107
114
102
135
159
153
151
150
151
150
150
151
151
150
154
149
54
156
176
152
156
88
153
148
150
148
148
149
147
153
239
151
206
254
255
254
255
252
253
254
252
254
254
254
144
144
148
111
144
149
152
177
103
112
110
145
153
149
151
151
151
151
152
150
150
151
151
150
151
148
150
150
116
101
180
146
173
94
151
150
149
148
150
147
148
149
149
149
243
254
252
255
252
253
253
254
245
254
255
250
192
143
150
140
148
149
154
150
151
151
150
150
151
151
149
151
151
151
152
149
151
151
150
148
151
149
152
148
149
72
199
149
200
95
149
151
148
149
147
147
148
148
148
159
251
191
254
247
255
252
250
254
229
255
255
169
147
145
145
162
151
150
150
152
151
150
150
150
150
151
151
150
151
151
152
151
151
152
152
151
151
150
152
150
152
145
194
163
225
73
151
149
150
150
148
149
149
147
147
171
145
225
237
254
150
253
205
253
186
254
254
217
145
146
143
158
149
147
150
150
152
151
152
152
152
152
152
152
152
152
152
152
152
152
150
151
151
152
153
151
152
148
141
177
184
102
150
150
149
149
150
149
150
149
149
147
147
193
148
255
148
252
150
246
152
243
255
146
147
145
145
117
148
150
150
149
150
152
152
153
153
152
153
153
153
153
153
150
150
152
152
153
150
152
151
151
151
153
136
209
170
112
150
150
150
149
149
149
148
149
151
148
148
149
148
158
148
254
150
248
146
231
201
145
146
145
146
117
150
153
150
150
152
152
149
153
153
153
153
153
152
152
153
153
153
153
151
152
154
152
155
153
150
151
190
236
150
94
151
150
151
151
149
150
149
150
150
150
148
148
149
148
147
161
147
146
145
161
151
145
146
146
146
128
150
151
151
153
153
153
153
152
152
153
152
151
153
154
153
151
151
152
151
152
152
151
153
152
152
152
191
153
120
130
151
151
151
150
150
150
150
149
148
149
148
147
147
148
149
147
148
148
147
148
146
146
145
146
146
133
