42580000
42500000
42540000
42600000
42540000
42580000
42140000
42480000
42480000
425c0000
42640000
42540000
42780000
42740000
42540000
42640000
42400000
42480000
42540000
42480000
42400000
42440000
42500000
42500000
42480000
42600000
42340000
42480000
42900000
42440000
42300000
42200000
42240000
424c0000
42200000
42180000
423c0000
42240000
42140000
42340000
42240000
42200000
421c0000
420c0000
42140000
421c0000
42280000
42280000
42240000
42280000
41f00000
42180000
42180000
420c0000
42340000
41d00000
42600000
42640000
42640000
42600000
425c0000
424c0000
420c0000
42780000
42580000
42500000
42400000
42580000
42780000
42740000
42440000
42480000
42480000
42480000
424c0000
42740000
42540000
42680000
42500000
42680000
42580000
42580000
42240000
42180000
42540000
424c0000
424c0000
42340000
422c0000
42340000
42580000
425c0000
42680000
425c0000
42600000
42600000
42700000
42340000
42440000
421c0000
42080000
42240000
422c0000
42240000
42180000
41f00000
42200000
422c0000
42280000
42100000
41b00000
42340000
42580000
42700000
42600000
42740000
42640000
42480000
42100000
42400000
42500000
425c0000
427c0000
426c0000
426c0000
42700000
42580000
42600000
42820000
42240000
423c0000
42480000
42680000
42300000
42700000
42480000
425c0000
42400000
42680000
42740000
42400000
42340000
422c0000
42380000
42300000
42400000
42480000
42540000
42200000
42180000
42440000
42540000
42400000
42400000
42040000
42200000
42040000
42140000
42480000
42500000
422c0000
42340000
42340000
42280000
42280000
422c0000
42280000
42080000
422c0000
42380000
42580000
42440000
425c0000
423c0000
42180000
42500000
42600000
42440000
42340000
42400000
42400000
42500000
42340000
42480000
42680000
42a80000
42440000
424c0000
42500000
42300000
42540000
42240000
42400000
42280000
42500000
42500000
42580000
42440000
42380000
422c0000
42540000
42000000
42240000
42380000
42480000
424c0000
42380000
42380000
42440000
42280000
42380000
42180000
420c0000
42080000
42380000
42300000
42380000
42300000
421c0000
42200000
42140000
42140000
41e00000
42180000
42440000
42440000
423c0000
42380000
42380000
424c0000
421c0000
42340000
42440000
42340000
422c0000
42480000
42540000
42440000
42300000
42240000
42340000
425c0000
42480000
423c0000
42300000
421c0000
42340000
42340000
423c0000
42340000
42300000
424c0000
42440000
42440000
42380000
425c0000
42500000
42500000
42680000
42480000
42480000
42400000
42440000
423c0000
42440000
422c0000
42180000
42180000
420c0000
42080000
42080000
42140000
42100000
42180000
42080000
420c0000
42080000
420c0000
41e00000
41f00000
42340000
42400000
42500000
423c0000
42600000
42500000
42200000
41a80000
42200000
42540000
423c0000
42200000
424c0000
422c0000
42500000
42340000
426c0000
42340000
42240000
42340000
42400000
42440000
42280000
422c0000
42480000
42340000
422c0000
426c0000
424c0000
42440000
42380000
42500000
41e00000
420c0000
423c0000
42400000
42380000
42280000
42440000
42440000
425c0000
42240000
42340000
42140000
42080000
420c0000
420c0000
421c0000
42340000
420c0000
41f00000
41e80000
420c0000
41b00000
42100000
41e80000
42380000
42300000
42240000
42340000
42500000
42300000
42340000
42180000
422c0000
42440000
42480000
42280000
423c0000
42400000
42200000
42380000
42940000
424c0000
42500000
42640000
42340000
42480000
42480000
42300000
42300000
42400000
426c0000
42580000
424c0000
42500000
42500000
42540000
42280000
42300000
422c0000
42400000
42440000
42480000
42440000
425c0000
422c0000
42140000
422c0000
42040000
420c0000
41f00000
41f80000
42080000
42080000
42000000
41e80000
420c0000
41c80000
41b80000
41d00000
41d00000
42180000
420c0000
42340000
42300000
42140000
41d00000
42200000
41e00000
42700000
42440000
42340000
42300000
422c0000
424c0000
42540000
42580000
42340000
424c0000
42600000
42640000
42780000
425c0000
42540000
42540000
42340000
42500000
426c0000
42500000
42640000
423c0000
42440000
42600000
42580000
42380000
42380000
42480000
423c0000
424c0000
42480000
42640000
422c0000
42280000
420c0000
41e00000
41f80000
42040000
42000000
42100000
42300000
41f00000
42040000
41e00000
41b00000
41b00000
41b80000
41b00000
42200000
42200000
421c0000
41e80000
42500000
42300000
42300000
41c80000
42200000
42200000
42400000
42400000
42180000
42480000
42140000
42180000
41e80000
42040000
42300000
42500000
42680000
42700000
42680000
43340000
432f0000
429c0000
42600000
42580000
42540000
42540000
427c0000
42180000
42500000
42400000
42500000
42440000
42400000
42240000
43090000
43130000
424c0000
42300000
422c0000
42240000
42300000
42180000
42080000
42100000
41e80000
41e00000
41e80000
41c80000
41e00000
41b80000
41b80000
41b00000
420c0000
421c0000
420c0000
42000000
42300000
41d00000
41600000
41e00000
42300000
42400000
42340000
422c0000
422c0000
42180000
42960000
420c0000
42040000
41d80000
41f80000
42240000
42500000
42580000
42b20000
432b0000
432d0000
432f0000
42880000
42700000
42700000
425c0000
433e0000
43320000
42a00000
426c0000
42580000
42600000
42400000
429a0000
42a00000
427c0000
42400000
42400000
42580000
42500000
42100000
42080000
42200000
42140000
42200000
41f80000
42000000
421c0000
41e80000
41c00000
41c80000
41c80000
42340000
42240000
42340000
42200000
42380000
41e00000
41e00000
41c80000
42440000
422c0000
42400000
421c0000
42340000
42300000
42820000
41e00000
41f80000
41b80000
41e00000
42240000
42340000
423c0000
42a40000
43270000
432c0000
43230000
43360000
42640000
42680000
42800000
432b0000
43280000
433b0000
425c0000
42680000
42740000
42580000
42d80000
43330000
42700000
423c0000
423c0000
42380000
42300000
42200000
42440000
42300000
42280000
41e80000
41e80000
42080000
42180000
42180000
42040000
41f00000
421c0000
42340000
42340000
42240000
42140000
42380000
42280000
422c0000
41e80000
42200000
42180000
42140000
42200000
42280000
42700000
41e00000
434d0000
433f0000
43210000
41b80000
41c00000
42180000
42280000
42540000
432b0000
432d0000
432b0000
432a0000
42a00000
42500000
42b80000
43280000
43270000
432e0000
42780000
427c0000
42840000
431b0000
43330000
432f0000
43020000
42340000
42340000
42340000
42280000
424c0000
42340000
42240000
422c0000
41d00000
42140000
42200000
42180000
42140000
41e00000
42000000
42000000
42340000
423c0000
41f80000
423c0000
42280000
42500000
42380000
42300000
42140000
42480000
42480000
424c0000
42440000
429c0000
41e00000
43290000
43360000
432b0000
432f0000
42240000
42200000
42380000
42440000
432f0000
43260000
432c0000
43240000
43270000
42680000
43130000
43220000
43240000
43260000
42540000
423c0000
42c80000
43230000
433f0000
43410000
43200000
42600000
426c0000
42480000
42240000
42200000
42340000
42240000
41d00000
41f80000
41d00000
41b80000
41a80000
41d80000
41a00000
42000000
41d00000
42180000
42200000
41e00000
41d00000
420c0000
42280000
42400000
42540000
41f80000
42580000
42b00000
42c20000
424c0000
422c0000
421c0000
42780000
43290000
43300000
43250000
43290000
42a20000
42340000
42280000
43290000
43210000
432c0000
43220000
43240000
42540000
43240000
431f0000
43230000
43270000
42780000
42180000
43110000
43340000
43350000
433b0000
431d0000
42540000
424c0000
42440000
423c0000
43270000
432c0000
421c0000
41f80000
420c0000
422c0000
42100000
42140000
420c0000
420c0000
421c0000
42140000
41b80000
41e80000
41a00000
41c00000
41d80000
42140000
420c0000
42480000
42100000
422c0000
43350000
43380000
432c0000
432a0000
42400000
42180000
43250000
43200000
43270000
43250000
43260000
42700000
42340000
43380000
43240000
43270000
43280000
43290000
43180000
431a0000
431b0000
43220000
43220000
42940000
43090000
43250000
43390000
43380000
43350000
42de0000
425c0000
42540000
42d80000
43320000
43300000
432c0000
42860000
42200000
42280000
422c0000
42140000
42080000
41d00000
41c80000
41b80000
41f80000
41980000
41d00000
41d80000
41700000
41a00000
41d00000
41e00000
42400000
42340000
41f00000
431a0000
43290000
432b0000
432e0000
43280000
432d0000
42820000
43250000
43250000
432a0000
431e0000
431c0000
42240000
42fc0000
43240000
43210000
432c0000
43240000
43240000
43160000
431b0000
431e0000
43200000
42a40000
43060000
433d0000
43360000
43390000
43340000
42780000
42100000
432f0000
432f0000
43300000
432c0000
43330000
420c0000
42180000
42280000
42000000
41f00000
420c0000
41f80000
41d00000
41c80000
41d80000
41d00000
41b80000
41c80000
41c00000
41b00000
41b80000
42a20000
42900000
42240000
42080000
41d00000
432b0000
43280000
432a0000
432f0000
43290000
43300000
432c0000
431d0000
431f0000
43250000
431e0000
43150000
42820000
43210000
43210000
43290000
43210000
43210000
43160000
431b0000
43230000
43230000
42fe0000
43320000
43370000
433f0000
43360000
432c0000
42840000
43300000
432f0000
432c0000
432a0000
432b0000
42b40000
42200000
421c0000
42080000
41f80000
41b00000
41b80000
41980000
41700000
41b00000
41700000
41b00000
41e00000
41c00000
41d00000
41c80000
42f60000
43360000
43300000
43230000
43250000
42ee0000
41f80000
432c0000
43320000
432c0000
432c0000
43300000
43320000
433f0000
431f0000
43230000
432b0000
431e0000
42f20000
43250000
43200000
43290000
431e0000
43280000
43170000
431d0000
43230000
43200000
42f80000
433b0000
43380000
433a0000
43380000
430c0000
432e0000
432d0000
43300000
432a0000
432e0000
43110000
42080000
41f00000
42040000
41d80000
41c80000
41b80000
41a00000
41b80000
41880000
41900000
41880000
41980000
41b80000
41a00000
41b80000
41b80000
41a00000
42c00000
43260000
43240000
43280000
43180000
43100000
42fa0000
43300000
43320000
43250000
432c0000
43350000
432d0000
433e0000
43260000
43220000
43220000
431a0000
43230000
43230000
43240000
43250000
432f0000
43170000
43220000
43200000
43170000
43390000
43390000
433a0000
432f0000
433d0000
43350000
43350000
43340000
43290000
432c0000
43130000
42080000
42200000
41c00000
41b00000
41800000
41600000
41b00000
41000000
40c00000
41200000
40800000
3f800000
41400000
420c0000
41c80000
42040000
420c0000
41800000
41b80000
42540000
43320000
43250000
431f0000
431f0000
430f0000
430b0000
43330000
43320000
432b0000
432b0000
43330000
43320000
43430000
43230000
43260000
431f0000
430e0000
432a0000
43240000
43320000
432e0000
43180000
43250000
431c0000
43110000
43380000
433b0000
432f0000
43460000
43340000
43350000
43340000
43240000
43340000
431d0000
42080000
42200000
42200000
42180000
41880000
41500000
41b80000
41a00000
41a00000
41300000
41700000
41300000
41400000
41600000
42000000
42100000
41b00000
42140000
41d00000
41d80000
42240000
423c0000
43220000
432c0000
43230000
43200000
43170000
430a0000
431d0000
43350000
43320000
432f0000
43330000
43350000
433f0000
43230000
43200000
43200000
432d0000
43200000
432d0000
432e0000
43200000
43260000
431c0000
43380000
433d0000
43340000
43480000
43370000
43350000
43300000
43210000
432e0000
42fa0000
42200000
42280000
42580000
421c0000
41d80000
41700000
41000000
40c00000
41200000
40400000
41100000
40400000
40c00000
41600000
41b80000
41d80000
420c0000
41d80000
41a00000
41a00000
41a00000
42000000
426c0000
41c00000
428e0000
43310000
432e0000
43240000
431f0000
43180000
43070000
43400000
43330000
43290000
432d0000
43360000
43400000
43200000
43300000
43240000
43270000
432d0000
43260000
43280000
43270000
430e0000
433d0000
43410000
43490000
433e0000
43340000
432f0000
432b0000
43270000
42800000
42340000
42200000
43050000
43300000
43350000
43350000
43300000
432c0000
43350000
41b00000
41600000
41100000
41300000
40e00000
41300000
41b80000
41e00000
42080000
420c0000
41c00000
41a00000
41e00000
41f80000
42400000
42000000
42080000
42100000
430f0000
43300000
43310000
43280000
43220000
43190000
43160000
433d0000
432f0000
43310000
43370000
43410000
43290000
432a0000
42d40000
431d0000
42c60000
43360000
432e0000
430c0000
43410000
43340000
43390000
433a0000
432b0000
432f0000
430d0000
42c00000
43400000
433f0000
43370000
432d0000
43390000
43390000
43330000
43330000
432b0000
43300000
41700000
41d80000
41300000
41200000
40400000
41980000
41e80000
41f00000
41d80000
42180000
42180000
429e0000
43160000
433b0000
43390000
43380000
433d0000
433d0000
43210000
42d00000
43360000
433a0000
43360000
432c0000
43250000
43210000
43240000
43350000
432f0000
432c0000
42c00000
431b0000
43190000
432e0000
43390000
43360000
432e0000
43260000
43210000
43280000
43370000
433b0000
430a0000
43300000
43430000
433c0000
43470000
433e0000
433d0000
43410000
43350000
43320000
43360000
43200000
42500000
42580000
42180000
41800000
41500000
40e00000
41880000
40c00000
41e80000
42000000
41f80000
43490000
433e0000
433d0000
43380000
43390000
43380000
43300000
43330000
43320000
43360000
43340000
43350000
43380000
43410000
43480000
43400000
43360000
43340000
43250000
42960000
42fc0000
43220000
43340000
43400000
43490000
433f0000
433a0000
433d0000
43390000
43380000
43080000
42d60000
42e40000
43430000
434d0000
434e0000
434e0000
43460000
43440000
434c0000
434d0000
43450000
432e0000
432d0000
433c0000
43380000
43390000
43360000
43360000
42780000
41200000
41200000
40c00000
41d00000
41d80000
41e80000
42480000
42fe0000
43370000
43370000
432d0000
432c0000
432a0000
432e0000
432d0000
43320000
43370000
43360000
43380000
43410000
43410000
43430000
43460000
433f0000
43120000
42da0000
433b0000
43470000
433b0000
43390000
433d0000
43370000
433f0000
433c0000
43340000
432f0000
43420000
42f40000
43300000
43400000
434c0000
43550000
43560000
43500000
434b0000
433d0000
433c0000
43490000
434a0000
43400000
43380000
43350000
43380000
433a0000
43090000
42140000
42240000
42080000
41d80000
41e80000
42200000
41e80000
42440000
41f00000
41f00000
41c80000
42140000
42de0000
43270000
432f0000
43300000
433c0000
433a0000
43410000
43420000
43420000
43450000
43400000
433e0000
432f0000
430a0000
43270000
43360000
434b0000
433e0000
43440000
434e0000
43590000
43460000
43390000
43460000
43400000
43300000
43160000
42f20000
43310000
43440000
434e0000
434b0000
43480000
43490000
43470000
434b0000
43480000
43450000
43400000
432e0000
43160000
42700000
421c0000
42140000
42200000
41e80000
41700000
41400000
423c0000
42440000
42540000
42340000
42100000
42100000
42200000
42080000
41f00000
426c0000
42d40000
431a0000
431f0000
43200000
43210000
43220000
43230000
432a0000
432a0000
43160000
429e0000
42c00000
43340000
433e0000
433d0000
43220000
433a0000
43470000
43330000
433a0000
43460000
433b0000
433b0000
432e0000
43230000
42980000
430d0000
433d0000
43540000
43560000
43530000
43520000
43420000
43290000
429a0000
42820000
42880000
425c0000
42680000
424c0000
41f00000
42180000
42500000
421c0000
41e80000
41f80000
42380000
42440000
42500000
42340000
42440000
43150000
433b0000
43310000
43310000
43360000
43350000
43390000
43390000
433f0000
433d0000
43450000
43420000
43420000
43420000
433d0000
432e0000
430b0000
43460000
43430000
433d0000
433d0000
43460000
43480000
43490000
43470000
43390000
43410000
43410000
432b0000
43270000
42f40000
43200000
433d0000
43450000
43430000
43400000
433c0000
433d0000
43360000
432f0000
432f0000
43270000
43270000
43230000
43270000
43260000
43270000
43260000
41f80000
42080000
41b00000
424c0000
42400000
43150000
433d0000
432e0000
43330000
43380000
433d0000
43380000
43350000
43320000
43350000
43340000
43340000
43330000
433c0000
43500000
43570000
43570000
434d0000
43420000
43160000
43350000
434a0000
433a0000
433a0000
43370000
43340000
435e0000
43530000
43410000
433a0000
43370000
432a0000
43220000
42da0000
432f0000
434f0000
43550000
43500000
43400000
43350000
43340000
43320000
43360000
432e0000
432f0000
43280000
43290000
43260000
432b0000
43270000
42180000
42200000
420c0000
41e00000
42200000
43360000
43450000
43340000
43300000
432e0000
432c0000
432b0000
432a0000
43260000
43330000
43490000
43500000
43540000
434f0000
43500000
434e0000
434d0000
434f0000
43500000
43510000
432c0000
42f20000
43290000
43460000
43380000
433c0000
433c0000
435a0000
433f0000
43390000
43330000
432c0000
432a0000
42f00000
432f0000
43490000
43580000
43610000
43610000
43530000
43430000
434c0000
434d0000
434b0000
43430000
433d0000
432c0000
431b0000
42740000
424c0000
424c0000
42300000
42140000
41f80000
41f80000
42040000
42600000
42fa0000
43150000
43150000
43150000
43140000
433c0000
43430000
43440000
43450000
434b0000
43480000
434a0000
434b0000
434f0000
43500000
43520000
43570000
43480000
434b0000
43470000
433e0000
430c0000
431e0000
43370000
432f0000
432b0000
434d0000
43300000
432b0000
43290000
43180000
42f20000
43280000
434d0000
434d0000
43500000
43570000
43550000
435a0000
43560000
435b0000
43520000
43380000
43320000
433b0000
433a0000
43390000
432f0000
43270000
43250000
42a80000
420c0000
42140000
42200000
41f80000
42000000
420c0000
42240000
41980000
433f0000
43350000
433b0000
433e0000
43390000
433f0000
43430000
43430000
434b0000
43490000
43540000
434e0000
43450000
43550000
434c0000
43490000
43450000
433a0000
43260000
432c0000
42bc0000
42ee0000
43170000
431d0000
431e0000
43090000
43030000
431d0000
43270000
434a0000
43510000
43530000
43540000
43580000
43450000
434e0000
43510000
43490000
434a0000
434c0000
434a0000
432d0000
43140000
43250000
42e00000
42400000
42540000
422c0000
421c0000
42180000
42040000
420c0000
42040000
42080000
41c80000
433a0000
43370000
43350000
43340000
433c0000
433f0000
43410000
43480000
43490000
43290000
43200000
434a0000
434e0000
43490000
43490000
43410000
434b0000
43430000
43340000
43480000
43420000
43490000
43460000
42700000
433f0000
434a0000
43350000
43460000
43470000
434f0000
43510000
43520000
43450000
434e0000
434a0000
43470000
434c0000
434a0000
43430000
43490000
43410000
43410000
433b0000
433b0000
42ce0000
42380000
42080000
41f00000
42380000
42380000
42080000
42240000
41d80000
41f80000
41f80000
41a00000
41900000
41880000
42240000
41900000
42f60000
43220000
43310000
43240000
43170000
43460000
43430000
43400000
43450000
43430000
43430000
43500000
43350000
43370000
43360000
43540000
434f0000
43460000
43500000
433f0000
43510000
435a0000
43310000
433a0000
434b0000
43400000
43400000
43450000
43540000
43180000
43410000
43440000
433e0000
43400000
42ae0000
43380000
433d0000
43360000
43340000
433b0000
43330000
433a0000
41d00000
42300000
42580000
41d80000
41c00000
41f80000
41900000
41f80000
41b80000
41b80000
41600000
41400000
42100000
43370000
43320000
42e20000
43200000
43240000
43440000
433c0000
43400000
43410000
43430000
43470000
43430000
43370000
43380000
432d0000
43530000
434c0000
43450000
43430000
42e40000
43460000
43540000
43540000
434e0000
43350000
43400000
432b0000
433f0000
433c0000
43290000
43020000
42da0000
43280000
43350000
433c0000
433a0000
42a60000
42780000
42680000
42c60000
431c0000
43330000
432b0000
41980000
42640000
42880000
426c0000
42080000
42000000
41100000
41880000
42000000
421c0000
41d00000
41d80000
41e80000
41e80000
42240000
41e00000
43220000
433b0000
43410000
43410000
433c0000
43450000
434a0000
432c0000
43320000
433d0000
432f0000
434d0000
434b0000
43470000
43410000
43430000
42b00000
43420000
43540000
434a0000
43580000
43290000
432f0000
43420000
43330000
433c0000
43300000
43290000
431c0000
432a0000
43360000
433c0000
433d0000
433d0000
42aa0000
425c0000
42300000
42200000
42040000
41e80000
41d00000
42340000
41d00000
41d00000
41f80000
42200000
41b00000
41d80000
41e80000
42040000
41d80000
41e80000
41d80000
421c0000
41e00000
43370000
43340000
43400000
433e0000
433f0000
43400000
42c80000
432c0000
43310000
433a0000
43370000
43390000
434c0000
43440000
43440000
43450000
42e20000
42fa0000
43440000
434f0000
434e0000
43560000
43240000
432a0000
43390000
431d0000
43320000
43380000
43310000
43210000
43370000
43400000
433b0000
433f0000
43360000
43390000
42f20000
42180000
428c0000
42140000
42440000
421c0000
42180000
42040000
420c0000
421c0000
41b00000
41c00000
41f00000
41980000
41e00000
41a80000
41f00000
42200000
42380000
43310000
433c0000
433a0000
433e0000
43400000
42b80000
42ae0000
432d0000
432c0000
433c0000
43350000
43310000
434f0000
43430000
43410000
43450000
43390000
42100000
430b0000
43420000
434e0000
434d0000
43560000
43260000
43250000
432f0000
42440000
43280000
43320000
43360000
432f0000
42d60000
42de0000
43400000
433a0000
43370000
43340000
43330000
43080000
42540000
424c0000
423c0000
42440000
420c0000
42340000
42300000
42480000
42540000
42080000
41f80000
41b80000
41f00000
41b00000
42180000
42400000
41700000
43490000
43370000
43380000
429e0000
41e80000
43080000
43350000
43350000
43340000
433a0000
43360000
434b0000
433d0000
43410000
433b0000
433e0000
41c00000
41a00000
430c0000
43460000
434d0000
43490000
43520000
43290000
432a0000
432d0000
43170000
41a80000
432c0000
432d0000
432f0000
43280000
43250000
42440000
433a0000
433d0000
432e0000
43380000
43320000
42860000
42300000
42580000
424c0000
42500000
425c0000
42580000
42640000
42740000
41d00000
41d00000
41980000
42200000
42040000
41f00000
41b80000
41700000
40c00000
41400000
41100000
41800000
43030000
43310000
43370000
43370000
43350000
43350000
42f20000
433d0000
433c0000
43370000
433b0000
42b00000
42300000
42300000
43040000
433e0000
434e0000
43470000
43500000
432f0000
43260000
43270000
433a0000
41200000
41700000
43280000
432f0000
43330000
43290000
43380000
42300000
422c0000
42e00000
43310000
43330000
421c0000
42100000
42440000
42740000
42400000
42820000
42780000
42800000
42780000
41b80000
41c00000
42400000
41400000
41a00000
41a80000
41d80000
41b80000
41900000
41800000
41500000
423c0000
433b0000
43380000
43330000
43360000
430e0000
42040000
434a0000
43430000
433a0000
433e0000
43050000
41500000
42040000
420c0000
42a40000
433e0000
43450000
43460000
43480000
432a0000
43260000
43220000
433c0000
41e00000
41500000
420c0000
43070000
432c0000
432d0000
432e0000
42fc0000
42580000
42580000
42640000
42240000
41980000
41980000
42540000
427c0000
42640000
424c0000
42580000
42600000
42640000
42380000
42040000
40e00000
40800000
41400000
41500000
42080000
42180000
41c00000
40c00000
41700000
43380000
433f0000
432b0000
43370000
423c0000
42100000
42c00000
43380000
433a0000
43410000
430a0000
41f80000
42200000
42100000
42200000
42080000
43440000
433f0000
43400000
434a0000
432e0000
43230000
43260000
43340000
41600000
41800000
41880000
41a80000
421c0000
43310000
43280000
43270000
42400000
421c0000
423c0000
42580000
42400000
42500000
426c0000
42640000
42700000
42380000
42500000
42400000
42740000
41000000
40800000
40e00000
41100000
41600000
41d00000
42200000
42240000
41880000
41400000
41980000
431e0000
43370000
42a00000
42040000
41500000
41d80000
43160000
434f0000
43420000
42ec0000
421c0000
42180000
42000000
42380000
425c0000
421c0000
43390000
433d0000
433f0000
434a0000
43190000
43220000
43280000
43300000
428e0000
41500000
41e00000
41b80000
41d00000
41b80000
420c0000
42200000
427c0000
423c0000
42740000
42740000
42380000
423c0000
428c0000
42700000
42480000
42600000
42180000
42140000
42640000
41a80000
41200000
41000000
41d00000
42000000
41d80000
41a00000
41880000
41300000
41a80000
420c0000
42180000
423c0000
42240000
41d80000
41d80000
42240000
42480000
43310000
41c00000
42000000
42080000
42340000
42080000
42780000
427c0000
424c0000
42980000
433e0000
433a0000
434a0000
423c0000
432d0000
43290000
432c0000
43230000
41300000
41880000
41600000
41800000
41880000
42180000
425c0000
42640000
42820000
428a0000
427c0000
42700000
42820000
428a0000
42900000
42580000
42680000
42480000
424c0000
424c0000
41100000
40e00000
40800000
42000000
42080000
41f80000
41a00000
41000000
41a00000
41e80000
42200000
42200000
41880000
41a00000
42000000
42680000
42400000
42080000
41100000
40e00000
42280000
42280000
42380000
425c0000
42800000
42540000
42700000
42a80000
43450000
433d0000
43400000
42380000
42240000
43320000
43340000
43400000
41f00000
41900000
41d80000
41300000
41600000
42180000
42080000
42240000
42540000
424c0000
42640000
42820000
42780000
42740000
426c0000
42940000
42500000
427c0000
427c0000
42900000
41300000
40800000
40c00000
41400000
41100000
40400000
41e00000
41e00000
41a00000
41d00000
41c80000
41880000
41900000
41600000
41300000
41880000
41880000
41a00000
41c80000
42000000
41f80000
421c0000
42280000
42380000
425c0000
42440000
42a00000
430c0000
43220000
43270000
42860000
41f00000
42000000
41700000
43300000
43230000
41300000
41a00000
41d80000
41b80000
41100000
41300000
41b80000
41c00000
41e00000
42400000
42680000
42600000
42700000
42700000
42480000
424c0000
42940000
42540000
42860000
428c0000
41880000
41c00000
41b00000
41800000
40e00000
42000000
42040000
41e00000
42000000
41e00000
41c00000
41400000
41400000
41980000
41980000
41980000
41300000
41700000
41c80000
40000000
41300000
41f80000
42200000
42280000
42340000
42540000
41880000
42980000
42ec0000
42f60000
41e80000
40e00000
41a80000
41f00000
41900000
41900000
41900000
41880000
41980000
41d00000
41a00000
42040000
42240000
42240000
42440000
42700000
428a0000
428a0000
42680000
42740000
42480000
41e00000
41f00000
42240000
41b80000
425c0000
41900000
41700000
41a00000
41500000
41300000
41d80000
41f00000
41e00000
41e00000
42000000
41d00000
41700000
41c80000
41c80000
41c80000
41e80000
41700000
41700000
41900000
41500000
41500000
42180000
42040000
41d00000
42180000
424c0000
40800000
41f80000
42140000
42300000
42180000
42140000
41b80000
41a00000
41800000
41400000
41700000
41700000
41880000
41b80000
41880000
41880000
41c00000
41b80000
42180000
42400000
42580000
42640000
426c0000
42400000
423c0000
42080000
41c80000
41880000
42300000
42800000
41e00000
41c80000
41c00000
41800000
41a80000
41d80000
41f00000
42040000
41c80000
41e00000
41500000
41980000
41200000
41600000
41c80000
41c80000
41c00000
41100000
41800000
41a80000
41300000
42080000
42300000
42180000
42080000
41b80000
40c00000
41980000
42200000
42380000
42200000
42640000
41f80000
41200000
41500000
40c00000
41200000
41000000
41b00000
41b80000
41b80000
41b00000
42000000
42100000
42300000
42340000
42240000
42200000
424c0000
425c0000
42400000
41980000
41e80000
426c0000
42860000
42800000
42480000
41f00000
41980000
41b00000
41c80000
41800000
41b00000
42000000
41880000
41b00000
41a80000
42140000
41e00000
41e80000
41b80000
41e00000
41e00000
41b80000
41b00000
42080000
41d80000
41b80000
41c80000
41d80000
420c0000
41e00000
41400000
41200000
41f00000
42100000
42200000
40a00000
41800000
41980000
41d80000
40a00000
41100000
41100000
41a80000
41d00000
41600000
41b80000
41980000
41c80000
42140000
42140000
42180000
420c0000
41d80000
42780000
428e0000
42880000
428a0000
42860000
42840000
42900000
424c0000
41e80000
42000000
421c0000
41b80000
41a00000
41b00000
41700000
41d00000
41300000
41400000
41500000
41f80000
42300000
422c0000
42080000
41b00000
41980000
42300000
42340000
41e80000
41f00000
41c00000
41c80000
42040000
42340000
41d00000
41e80000
41600000
42080000
42180000
41c80000
41300000
41900000
41d00000
41900000
41300000
41900000
41c00000
41500000
41c80000
42000000
41c80000
41b80000
41980000
42080000
41e80000
41e00000
41e00000
42140000
42780000
42820000
428a0000
42820000
42940000
42700000
42540000
42040000
42100000
41d80000
41800000
41b80000
421c0000
41b80000
41c80000
41c00000
41900000
420c0000
422c0000
42340000
42000000
41f00000
41f00000
41e00000
41a00000
420c0000
42040000
42080000
42040000
41a00000
42100000
42180000
41b00000
41c80000
42300000
41f00000
41d80000
41000000
41100000
41980000
41d00000
42480000
41d80000
41f00000
41600000
41b80000
41e80000
42000000
41e00000
41e00000
41e80000
42540000
42440000
41a80000
41a80000
41700000
42180000
42240000
426c0000
425c0000
42860000
42200000
42780000
42180000
42080000
42080000
421c0000
42100000
41e00000
42000000
41d80000
41f80000
422c0000
42340000
42400000
41f00000
41c80000
41d00000
41b80000
41f00000
41d00000
41f00000
42200000
42040000
41d00000
41c00000
41a80000
42200000
41d80000
42040000
41f80000
42200000
41c80000
41a80000
41d00000
42140000
41c80000
41980000
41b80000
41e80000
41c00000
41980000
41900000
41c80000
41e80000
41b80000
41c00000
42300000
42400000
42280000
42340000
422c0000
42180000
42240000
42180000
41f80000
42080000
41c80000
423c0000
42180000
42280000
42140000
42040000
42100000
42100000
422c0000
42540000
42200000
41e00000
41d80000
421c0000
41d00000
41b80000
41b00000
41880000
41c00000
41f00000
41d80000
42040000
41d00000
41d80000
41c00000
42180000
421c0000
41b80000
41b80000
42100000
41900000
41a00000
42000000
421c0000
42000000
41c80000
41700000
41c00000
41c80000
41b80000
41b00000
41880000
41500000
41800000
41100000
41a80000
41f80000
41f80000
41b80000
42040000
41b80000
42040000
41f00000
41880000
41c00000
42340000
42400000
42640000
422c0000
421c0000
42280000
42300000
42680000
42820000
428e0000
42240000
41e00000
42140000
42000000
420c0000
41d80000
42080000
41b00000
41e80000
41980000
41c00000
42000000
421c0000
42040000
41e80000
41e00000
41300000
41a00000
41a80000
41a00000
41a80000
40a00000
41b80000
41b80000
41e80000
42200000
41e80000
41c00000
41500000
41980000
41a00000
41d00000
41f00000
41500000
41c00000
42180000
42080000
41b80000
41b00000
41900000
41800000
41e00000
41c80000
41e80000
41e00000
41e00000
42440000
42240000
