180
180
180
180
180
182
181
181
180
181
181
181
181
181
181
181
180
181
182
182
180
181
181
182
182
180
181
179
184
180
180
180
179
180
179
179
180
178
179
177
178
176
178
176
176
177
176
174
176
176
175
174
174
174
172
173
181
180
182
181
182
182
182
182
182
181
182
181
182
181
182
182
182
181
182
182
181
181
181
180
181
183
182
183
183
177
181
180
179
180
178
178
179
178
178
179
179
177
178
176
175
176
175
174
176
174
175
174
175
174
173
172
183
183
182
182
182
181
182
182
181
182
182
181
181
182
182
182
181
182
181
183
182
181
181
182
157
182
179
212
181
189
182
181
180
179
179
179
177
178
178
177
178
178
176
178
177
177
175
176
174
175
174
174
174
175
175
173
182
183
182
182
182
182
182
182
183
182
182
182
182
182
181
183
183
182
181
182
182
182
182
181
159
182
181
173
181
199
150
181
181
180
203
178
179
177
178
178
178
178
179
177
178
178
178
177
175
174
176
175
176
175
175
174
182
182
182
182
183
182
182
182
183
183
182
182
183
183
183
184
183
182
186
180
182
183
183
182
176
180
199
153
178
209
143
181
180
194
181
178
179
179
178
178
178
178
177
178
178
177
177
176
177
176
175
174
174
175
175
175
181
183
182
182
182
183
182
182
183
183
182
183
183
183
183
182
182
184
171
184
184
183
181
183
203
152
192
148
192
209
182
181
181
172
179
178
181
179
178
176
177
178
178
179
178
177
178
178
176
175
176
174
175
176
174
175
182
183
182
183
182
182
183
183
183
183
183
184
182
183
183
184
176
183
182
185
199
186
183
182
204
186
201
150
141
212
207
166
201
172
181
180
179
180
163
178
179
178
178
178
179
178
178
178
177
177
175
175
174
175
174
176
183
183
183
182
183
184
183
182
184
184
183
185
185
184
185
183
163
175
182
197
201
205
195
185
196
184
170
160
186
148
199
159
189
158
182
180
181
199
195
180
180
179
177
178
178
178
178
179
176
178
177
176
176
175
175
175
184
182
184
184
184
183
184
184
183
184
184
184
183
185
186
184
181
178
181
206
199
209
200
190
191
171
171
174
179
143
148
175
145
148
181
182
175
169
178
180
179
180
179
178
178
178
178
178
177
179
178
177
176
175
176
176
185
184
183
184
184
184
184
184
183
184
184
185
185
184
220
186
183
171
192
188
155
209
200
194
188
164
196
147
175
138
199
186
149
152
181
180
151
162
184
179
187
179
179
179
178
178
178
178
178
178
177
178
177
175
176
176
185
184
184
184
185
185
185
183
185
185
185
186
185
184
183
160
189
184
194
197
164
153
196
187
146
191
183
122
156
134
198
146
152
150
183
186
210
197
188
197
174
180
181
179
179
178
179
178
178
179
178
178
178
177
177
176
184
184
185
184
184
185
184
183
184
185
184
184
185
185
187
162
166
207
209
192
197
156
139
181
175
184
166
119
161
128
198
135
139
143
184
210
147
164
169
240
162
182
180
180
180
179
179
180
178
178
177
178
178
176
177
175
184
185
185
185
185
185
184
184
185
184
184
183
167
218
208
184
201
196
205
205
195
153
130
120
172
123
168
109
158
120
199
124
125
135
208
205
145
174
182
212
182
181
182
181
181
181
180
179
180
179
178
178
178
178
179
177
184
184
185
184
183
185
185
184
185
183
185
185
145
181
159
208
193
220
209
198
199
196
130
110
163
127
147
140
158
123
203
108
123
134
212
155
142
176
235
184
180
183
181
182
181
181
180
179
179
179
178
177
179
178
176
177
185
186
185
184
185
184
185
186
186
186
185
186
186
154
167
181
171
217
144
142
190
154
182
113
123
119
150
104
147
178
136
104
117
136
214
151
132
209
176
226
175
203
182
182
182
182
181
181
180
179
180
179
178
178
178
177
185
184
185
185
186
186
185
187
184
187
187
187
187
186
187
175
217
188
139
137
127
166
112
159
85
86
41
83
18
100
73
96
117
119
196
142
134
155
151
166
159
182
182
183
182
182
182
182
178
180
181
178
180
178
178
179
186
185
186
186
187
187
186
187
186
187
187
188
197
189
186
197
171
172
140
131
123
109
155
100
98
52
41
16
12
11
31
91
105
153
176
121
148
142
149
161
183
184
182
183
183
181
182
182
181
180
179
181
178
178
179
178
185
186
187
187
187
186
186
188
187
188
188
168
153
153
170
225
141
122
112
134
112
107
104
90
32
37
13
48
8
16
9
17
15
131
110
108
128
146
144
178
185
184
184
182
183
183
183
183
181
182
181
180
179
178
180
179
184
186
185
187
187
188
188
188
188
188
187
185
188
186
214
162
202
192
140
102
91
94
87
22
16
17
13
13
13
15
10
8
18
70
108
109
121
134
154
179
185
184
184
184
184
183
183
182
182
181
181
182
179
181
179
179
185
189
188
188
188
187
188
189
188
188
187
185
188
182
217
203
186
215
163
185
124
92
94
16
19
8
23
20
21
16
18
21
13
20
86
130
153
142
185
182
181
184
185
183
184
184
183
183
181
181
181
182
181
181
179
180
187
187
188
188
188
188
188
188
188
190
199
157
185
157
165
170
199
167
167
176
174
105
62
10
11
8
19
8
15
14
26
49
12
12
69
134
127
174
142
155
161
169
217
183
183
184
183
182
183
183
181
182
182
182
180
180
187
188
188
188
188
188
188
188
188
185
135
144
144
144
148
172
218
244
216
164
136
98
19
15
16
38
10
16
17
6
25
10
12
11
17
97
140
157
161
178
246
240
237
200
185
184
184
184
183
183
183
182
182
182
182
180
185
188
187
189
188
188
188
189
188
188
188
211
202
158
163
197
174
128
116
123
117
137
16
7
13
25
12
14
14
98
11
10
11
14
33
126
130
169
216
189
248
185
184
185
185
184
184
184
184
182
183
183
183
183
182
182
186
188
187
188
189
189
188
189
189
189
189
188
197
179
176
184
186
190
117
99
106
80
19
15
20
21
19
13
13
14
14
12
14
10
56
135
151
194
205
227
157
174
213
211
184
185
184
185
184
183
183
182
182
182
181
181
186
188
189
189
189
189
189
189
189
189
211
172
163
157
157
150
148
142
132
120
106
83
18
8
23
11
32
19
17
21
34
14
10
12
28
74
133
181
143
153
152
150
151
153
153
184
185
186
184
184
183
183
183
182
182
181
187
189
189
189
189
189
189
189
190
190
210
229
230
196
165
166
154
138
123
109
92
83
18
27
22
11
31
37
30
23
8
13
14
13
52
119
144
237
238
168
175
185
175
184
185
184
185
185
184
184
184
184
184
183
183
182
188
189
188
189
189
190
190
190
190
190
190
191
190
163
212
193
147
136
119
108
109
97
13
9
18
21
19
31
34
13
15
18
10
15
111
223
186
241
165
194
190
185
194
186
185
183
186
183
185
185
184
184
183
183
183
183
189
189
190
190
190
189
190
190
190
191
191
192
231
245
218
134
137
104
116
117
99
109
20
11
11
13
31
21
12
2
12
15
12
16
89
229
249
233
247
239
191
182
171
176
184
166
184
189
185
185
185
185
184
184
183
183
188
189
189
190
190
190
190
190
191
191
191
222
223
239
159
193
127
132
137
136
113
96
73
14
12
9
32
13
13
13
13
9
15
35
123
129
245
244
246
250
223
166
196
183
188
172
183
200
186
184
183
185
185
184
184
182
190
190
189
190
190
191
191
191
191
191
190
224
190
189
149
192
219
153
161
130
107
118
107
29
49
15
18
15
13
19
10
16
13
80
92
226
150
160
188
173
190
189
189
195
197
176
198
205
184
187
182
184
184
185
183
184
190
191
191
191
191
191
191
191
191
191
191
191
188
147
157
196
157
157
128
144
111
133
85
87
21
18
12
8
14
8
11
15
68
103
134
197
236
194
164
174
159
184
184
194
197
185
200
198
186
191
189
191
184
184
184
183
190
191
191
191
191
191
191
191
191
191
190
195
156
154
150
161
182
150
160
124
133
108
125
113
107
41
16
16
10
14
17
54
108
127
142
195
151
213
249
187
170
159
178
176
181
187
190
146
169
201
177
185
185
186
185
185
190
191
191
191
191
191
191
191
191
191
191
194
173
173
183
149
232
156
151
135
121
139
135
112
96
81
81
56
34
72
89
117
135
189
154
222
159
156
161
186
189
156
147
168
159
173
159
165
156
200
161
204
185
183
184
184
191
191
191
191
191
190
190
192
191
191
192
189
192
188
181
215
157
193
154
133
140
118
133
128
122
118
154
127
136
106
121
118
180
230
233
246
244
167
160
176
185
191
162
140
141
142
117
160
122
147
156
188
182
184
186
185
191
191
191
192
191
191
192
192
192
192
192
192
192
199
159
210
226
172
224
141
150
143
149
144
116
129
233
145
150
133
145
236
229
229
237
232
251
242
168
161
178
165
163
169
115
25
22
23
49
119
158
172
210
209
186
184
191
191
192
192
192
192
192
192
191
192
192
191
191
152
183
192
191
139
138
205
205
144
128
155
142
238
233
214
238
151
183
240
238
229
235
228
180
161
246
158
141
140
155
144
38
23
19
16
16
38
163
194
205
222
191
189
192
192
191
192
192
192
193
193
193
192
193
193
193
192
193
195
154
225
185
176
209
220
151
124
178
239
208
240
235
224
241
238
162
219
224
213
222
166
167
232
147
139
124
120
28
24
19
15
11
20
107
187
152
191
200
211
192
192
191
192
192
191
192
193
193
193
193
193
193
193
193
192
170
162
160
212
187
147
190
176
198
246
247
245
233
239
240
246
195
236
200
223
219
216
191
202
192
169
167
156
23
39
23
26
14
16
46
135
172
197
165
112
192
191
192
193
193
193
193
192
193
193
193
192
193
194
194
190
186
192
158
153
168
195
161
208
227
246
246
249
179
172
241
244
217
239
235
221
209
209
227
166
147
148
174
140
27
34
16
27
16
14
18
149
143
150
70
84
193
193
193
193
193
193
192
194
193
194
194
193
194
194
194
193
187
192
149
165
153
156
243
228
241
248
248
249
178
174
243
244
191
195
222
175
225
199
222
205
158
143
132
99
30
23
21
19
18
13
16
147
190
192
85
168
194
193
193
192
192
192
194
194
194
194
194
194
194
194
194
187
192
213
147
196
152
242
169
231
243
247
250
183
176
173
234
240
193
194
193
206
153
192
165
147
163
138
129
105
37
36
43
23
20
15
16
169
238
203
155
181
193
193
194
194
194
194
194
193
194
194
194
194
195
194
194
194
193
144
154
174
148
147
101
214
198
247
246
177
173
172
111
237
191
194
194
194
189
172
213
186
157
145
157
153
47
33
22
23
15
15
19
137
144
154
179
182
194
194
193
194
194
194
194
194
194
194
194
194
192
194
194
192
194
192
192
167
193
195
193
207
249
230
249
172
172
173
117
211
194
194
194
193
227
234
184
166
173
188
145
139
104
27
19
20
16
18
72
235
187
164
191
187
194
194
194
194
194
194
194
192
194
193
194
195
194
194
131
126
134
134
133
156
196
193
204
236
169
163
197
156
169
225
110
164
212
193
193
194
194
194
194
202
205
217
201
152
139
35
21
20
17
19
134
241
242
229
195
185
193
194
194
194
194
194
193
194
195
195
194
195
141
143
140
121
127
129
136
128
128
196
205
239
191
137
193
197
162
183
135
156
194
195
194
194
194
194
202
218
225
198
178
198
163
144
50
24
29
101
213
237
228
244
183
165
194
194
193
194
193
195
194
195
194
196
152
136
139
133
141
138
139
139
136
132
130
132
210
207
194
164
196
195
155
166
121
195
195
194
195
195
194
203
177
214
191
201
197
199
218
227
134
115
122
211
237
218
199
112
195
172
194
193
195
194
195
194
194
197
135
141
129
129
138
133
134
125
134
139
141
145
148
102
94
196
196
138
196
194
153
146
121
196
196
196
194
194
193
216
228
189
198
181
191
236
228
204
211
198
222
237
242
204
246
207
180
186
193
194
195
195
197
195
182
132
138
139
139
131
134
134
131
128
146
146
160
180
168
135
86
75
197
148
205
198
197
147
172
194
195
195
196
195
194
194
205
196
192
220
227
234
238
218
219
230
226
238
245
230
192
243
127
202
193
193
195
195
197
132
126
138
140
142
141
148
176
193
198
196
197
196
196
197
197
196
198
188
58
188
188
197
199
103
194
197
197
197
197
195
196
196
214
197
197
226
243
229
227
241
237
231
203
237
247
247
192
192
162
139
196
193
196
205
132
138
136
162
195
196
196
197
196
196
197
196
196
197
197
197
197
197
196
198
152
119
189
195
207
110
196
197
198
198
197
198
196
195
195
194
207
235
234
244
233
212
243
243
173
238
247
226
198
191
182
157
197
195
195
197
197
197
197
196
197
197
198
197
197
197
199
197
197
197
198
197
199
197
199
199
198
78
209
196
214
107
198
197
197
199
198
196
197
197
196
189
221
196
234
198
231
226
219
245
176
234
242
197
193
193
191
172
197
197
196
196
197
197
196
196
196
198
197
198
198
199
199
199
199
199
199
199
199
199
199
198
200
177
201
198
235
91
196
198
197
198
198
198
197
198
198
191
197
200
221
237
194
243
211
230
183
211
220
210
193
193
191
166
198
198
197
198
198
198
199
199
199
199
199
199
199
199
199
199
199
199
199
200
198
199
200
199
199
198
145
198
198
115
198
199
198
198
199
198
197
199
198
197
196
200
198
225
195
244
195
217
192
203
221
193
194
193
193
127
197
198
199
200
199
199
199
200
200
200
200
199
200
200
200
199
199
200
200
200
199
200
200
200
199
199
143
215
185
125
201
199
199
198
198
199
197
198
197
197
197
198
197
196
197
234
196
217
196
196
202
192
194
193
194
134
199
200
199
199
199
199
198
200
200
200
200
200
199
199
200
200
200
200
200
200
201
200
200
200
199
199
204
241
166
106
200
199
200
200
198
199
198
199
199
199
197
197
198
197
196
200
195
195
195
196
193
194
194
194
194
149
199
200
200
200
200
200
200
199
200
200
202
200
200
199
200
202
202
202
202
202
202
202
201
202
202
202
217
170
139
149
201
201
200
199
199
199
199
198
199
198
199
199
198
199
198
196
197
197
196
194
195
194
193
194
194
161
