43040000
43040000
43040000
43040000
43040000
43060000
43050000
43050000
43040000
43060000
43050000
43050000
43050000
43050000
43050000
43080000
43040000
43050000
43060000
43060000
43040000
43050000
43050000
43060000
43050000
43040000
43050000
43060000
43070000
43040000
43030000
43040000
43040000
43040000
43030000
43030000
43030000
43030000
43020000
43020000
43030000
42fe0000
43010000
43010000
43010000
43000000
42fe0000
43000000
42fe0000
42fe0000
42fc0000
42fa0000
42fa0000
42fa0000
42f80000
42f80000
43050000
43040000
43060000
43050000
43060000
43060000
43060000
43060000
43060000
43060000
43060000
43050000
43060000
43050000
43060000
43060000
43060000
43050000
43060000
43060000
43050000
43050000
43050000
43070000
435b0000
43050000
43060000
43640000
43060000
43120000
43040000
43030000
43060000
43040000
43070000
43020000
43040000
43050000
43050000
43030000
43020000
43010000
43020000
43010000
43000000
43000000
43000000
42fc0000
42fe0000
42fc0000
42fc0000
42fe0000
42fc0000
42fa0000
42f80000
42f60000
43040000
43050000
43060000
43040000
43060000
43050000
43060000
43050000
43050000
43060000
43040000
43050000
43050000
43060000
43060000
43060000
43050000
43060000
43050000
43070000
43060000
43050000
43050000
43060000
433f0000
43070000
43070000
43770000
430a0000
43630000
43060000
43050000
43070000
43030000
43020000
43060000
43040000
43050000
43050000
43040000
43050000
43050000
43030000
43020000
43020000
43010000
43020000
43000000
42fe0000
42fc0000
42fe0000
42fe0000
42fa0000
42fc0000
42fc0000
42f80000
43040000
43050000
43060000
43060000
43050000
43060000
43060000
43060000
43070000
43060000
43060000
43060000
43060000
43060000
43050000
43070000
43050000
43060000
43050000
43050000
43060000
43060000
43060000
43080000
43450000
43080000
43010000
43530000
430a0000
436e0000
43380000
43050000
43060000
43050000
43750000
43050000
43060000
43040000
43050000
43050000
43050000
43050000
43030000
43040000
43020000
43030000
43020000
43010000
43000000
42fe0000
43000000
43000000
42fe0000
42fc0000
42fc0000
42fa0000
43070000
43050000
43060000
43060000
43070000
43070000
43060000
43060000
43070000
43070000
43070000
43060000
43070000
43070000
43070000
43060000
43070000
43060000
43590000
43090000
43090000
43060000
430a0000
43060000
43580000
43060000
436d0000
43410000
43040000
43790000
43370000
43050000
43070000
436c0000
431b0000
43050000
43050000
43060000
43050000
43060000
43050000
43050000
43040000
43030000
43050000
43040000
43030000
43010000
43000000
43020000
43000000
42fc0000
42fe0000
42fc0000
42fe0000
42fa0000
43050000
43070000
43060000
43060000
43060000
43070000
43060000
43060000
43070000
43070000
43060000
43070000
43070000
43070000
43070000
43060000
43060000
430a0000
43430000
435c0000
43040000
43070000
43070000
43100000
43730000
434c0000
436f0000
433c0000
435d0000
437b0000
435e0000
43090000
43070000
43520000
43060000
43060000
43040000
43060000
43060000
43020000
43040000
43050000
43050000
43030000
43050000
43040000
43050000
43020000
43010000
43000000
42fe0000
42fe0000
42fc0000
42fe0000
42fe0000
42fc0000
43040000
43070000
43060000
43070000
43080000
43060000
43070000
43090000
43070000
43070000
43070000
43060000
43090000
43070000
43070000
43050000
43600000
43080000
430a0000
43620000
436f0000
43330000
430a0000
43060000
43770000
43670000
437e0000
43480000
43420000
437f0000
43780000
433b0000
43770000
43540000
43080000
43070000
43060000
43080000
434e0000
43050000
43060000
43050000
43050000
43050000
43030000
43050000
43050000
43010000
43030000
43030000
43020000
43000000
42fe0000
42fc0000
42fe0000
43000000
43070000
43070000
43070000
43060000
43070000
43080000
43070000
43090000
43080000
43070000
43080000
43070000
43070000
43080000
43070000
43070000
434a0000
43590000
43060000
43730000
43740000
437c0000
435b0000
430a0000
43730000
43690000
43690000
43550000
436a0000
433a0000
43700000
43490000
43690000
43410000
43060000
43070000
43070000
436f0000
43740000
43070000
43070000
43060000
43040000
43050000
43050000
43050000
43050000
43030000
43000000
43020000
43040000
43030000
43020000
43000000
42fc0000
42fc0000
43080000
43060000
43080000
43080000
43080000
43070000
43080000
43080000
43070000
43080000
43080000
43080000
43070000
43090000
430a0000
43080000
430a0000
435c0000
435e0000
437c0000
43760000
437d0000
437a0000
433f0000
43700000
43600000
43720000
43680000
43690000
43480000
43410000
43650000
433c0000
433b0000
43050000
43040000
435e0000
434d0000
43130000
43040000
43060000
43070000
43060000
43050000
43050000
43050000
43050000
43050000
43060000
43030000
43020000
43040000
43010000
43000000
43030000
42fc0000
43070000
43080000
43070000
43080000
43080000
43080000
43080000
43080000
43070000
43080000
43080000
43090000
43090000
430a0000
437b0000
430a0000
430a0000
435a0000
436a0000
43680000
43610000
437f0000
437a0000
43730000
43700000
435f0000
43790000
435f0000
436c0000
434c0000
43760000
436e0000
43430000
43480000
43060000
430c0000
43440000
43490000
43050000
43040000
43270000
43060000
43060000
43060000
43050000
43050000
43050000
43050000
43050000
43040000
43000000
43030000
43000000
43000000
43020000
42fe0000
43070000
43080000
430a0000
43080000
43090000
43090000
43090000
430b0000
43090000
43090000
43080000
43080000
43070000
43090000
43050000
434e0000
43220000
43130000
436f0000
43750000
43680000
43640000
43770000
43760000
43620000
43770000
43760000
43510000
435e0000
434f0000
437b0000
43560000
434f0000
434a0000
43080000
436a0000
43700000
43700000
43640000
436b0000
430e0000
43070000
43050000
43060000
43060000
43050000
43050000
43050000
43050000
43030000
43050000
43050000
43040000
43030000
43040000
42fe0000
43090000
43090000
43090000
43080000
43080000
43080000
43090000
430b0000
43090000
43090000
430a0000
43080000
430b0000
430b0000
430a0000
434e0000
43590000
437b0000
437e0000
43720000
437b0000
436a0000
435a0000
436e0000
436d0000
43760000
43660000
43500000
43600000
43510000
43780000
43520000
43450000
43460000
43070000
437e0000
43470000
43520000
434f0000
43790000
430f0000
43060000
43070000
43070000
43040000
43050000
43060000
43040000
43050000
43050000
43040000
43050000
43010000
43010000
43030000
43010000
43080000
43090000
43090000
43070000
43090000
43090000
430b0000
430b0000
43080000
430b0000
43080000
430b0000
43530000
437c0000
435b0000
43010000
43790000
43740000
437c0000
437e0000
437b0000
43670000
43590000
434f0000
43690000
434d0000
43680000
434e0000
435f0000
43520000
437c0000
43480000
433b0000
43460000
437a0000
43730000
434a0000
43590000
435b0000
43510000
43060000
43050000
43060000
43080000
43050000
43050000
43040000
43060000
43050000
43060000
43050000
43050000
43050000
43030000
43030000
43040000
43080000
43080000
43090000
430a0000
43090000
43090000
43090000
430b0000
430b0000
430a0000
430b0000
430b0000
43340000
435e0000
434b0000
437b0000
43750000
43780000
437c0000
437e0000
437b0000
437d0000
435f0000
434d0000
43610000
43580000
435a0000
43640000
43600000
434c0000
437e0000
43360000
43400000
434d0000
437c0000
43650000
43480000
43570000
437a0000
43080000
43040000
43060000
43050000
43060000
43050000
43050000
43050000
43060000
43030000
43060000
43040000
43050000
43030000
43050000
43030000
43040000
43090000
43080000
430b0000
430b0000
430c0000
430b0000
43090000
430c0000
430c0000
430b0000
430b0000
430c0000
430e0000
43460000
43550000
43670000
435f0000
437c0000
43570000
43600000
43790000
436a0000
43790000
43530000
43560000
43350000
435a0000
43380000
435e0000
43770000
43540000
432e0000
433b0000
43590000
43780000
43570000
433e0000
43740000
430a0000
43790000
43530000
436c0000
43060000
43060000
43060000
43060000
43070000
43050000
43070000
43030000
43040000
43060000
43050000
43050000
43030000
43020000
43090000
43080000
43090000
430b0000
430a0000
430c0000
430b0000
430d0000
430c0000
430d0000
430d0000
430d0000
430d0000
43070000
43680000
435c0000
437e0000
43720000
434e0000
435b0000
43570000
43700000
43550000
43670000
433e0000
43250000
42e00000
42e40000
42b20000
43390000
43050000
43260000
433a0000
43460000
437d0000
43550000
43420000
43530000
433d0000
43480000
43420000
43040000
43060000
43070000
43060000
43060000
43060000
43060000
43060000
43040000
43050000
43050000
43040000
43030000
43050000
43020000
43090000
430a0000
430a0000
430a0000
430d0000
430d0000
430c0000
430d0000
430c0000
430d0000
430e0000
431a0000
432c0000
43160000
430b0000
43460000
43600000
43640000
43520000
434e0000
43530000
434c0000
43650000
434a0000
432b0000
42960000
42900000
41c00000
41300000
41b00000
422c0000
43290000
43380000
435e0000
436c0000
433d0000
43580000
43430000
433c0000
43470000
43040000
43080000
43060000
43070000
43070000
43050000
43060000
43060000
43060000
43070000
43070000
43040000
43030000
43070000
43060000
43010000
430c0000
430c0000
430b0000
430c0000
430d0000
430c0000
430c0000
430e0000
430c0000
430e0000
43100000
434e0000
433e0000
43440000
435d0000
437f0000
43540000
434d0000
43450000
434b0000
43410000
433c0000
43450000
432a0000
42860000
42800000
41700000
428a0000
41800000
41d80000
41800000
41e80000
425c0000
43600000
43360000
433b0000
43470000
434c0000
43360000
43220000
43090000
43080000
43080000
43060000
43070000
43070000
43070000
43070000
43050000
43060000
43070000
43070000
43030000
43040000
43030000
43040000
430c0000
430a0000
430c0000
430d0000
430d0000
430e0000
430e0000
430d0000
430d0000
430d0000
430e0000
430f0000
43660000
43640000
437a0000
435c0000
437b0000
43730000
43540000
433b0000
432e0000
432b0000
431e0000
42600000
41f80000
41a00000
41a00000
41500000
42080000
41b00000
41500000
41600000
41a80000
43090000
43360000
43310000
433c0000
433b0000
43430000
43080000
43090000
43050000
43080000
43080000
43070000
43070000
43070000
43070000
43060000
43050000
43050000
43060000
43080000
43050000
43050000
43050000
430c0000
430c0000
430e0000
430e0000
430d0000
430e0000
430d0000
430e0000
430e0000
430e0000
430f0000
430f0000
43090000
43080000
43740000
437a0000
43720000
437e0000
43680000
43760000
43400000
43250000
431e0000
42080000
41b80000
41000000
422c0000
42180000
42400000
41f80000
42000000
41c80000
41800000
41d00000
431b0000
43400000
434f0000
43480000
43080000
430c0000
430a0000
43080000
43090000
43070000
43080000
43080000
43070000
43070000
43050000
43050000
43050000
43060000
43050000
43060000
43040000
43050000
430e0000
430e0000
430e0000
430e0000
430e0000
430e0000
430d0000
430e0000
430e0000
430b0000
436f0000
43380000
43660000
43500000
43590000
436e0000
437e0000
436e0000
43700000
43730000
43750000
43320000
42fc0000
40c00000
41a00000
41300000
42040000
41200000
42380000
41f00000
42040000
428a0000
41a80000
41a80000
42fe0000
433e0000
433d0000
43690000
43460000
43440000
43480000
434a0000
437b0000
430e0000
43070000
43080000
43070000
43060000
43070000
43070000
43060000
43060000
43060000
43060000
43050000
43050000
430e0000
430e0000
430e0000
430c0000
430e0000
430e0000
430e0000
430e0000
430e0000
430f0000
432b0000
432f0000
43380000
433e0000
434b0000
43650000
43760000
437d0000
437c0000
43730000
43600000
434b0000
42340000
41b00000
41f80000
42740000
41880000
41980000
41a00000
41200000
42540000
41d80000
41980000
41880000
41600000
42fe0000
43420000
434c0000
43510000
435d0000
43780000
437f0000
437d0000
43740000
43090000
43080000
43080000
43070000
43070000
43070000
43070000
43060000
43060000
43060000
43060000
43050000
430c0000
430e0000
430d0000
430f0000
430e0000
430e0000
430e0000
430f0000
430e0000
430f0000
43100000
43480000
43670000
434c0000
434e0000
43710000
436b0000
43480000
43430000
43400000
43340000
43520000
41d80000
41000000
41c80000
42280000
41300000
41300000
41500000
43050000
41d80000
41700000
41c00000
41900000
429c0000
43340000
43400000
435a0000
437a0000
436d0000
437a0000
43170000
430c0000
430b0000
43090000
43090000
43080000
43080000
43080000
43060000
43070000
43060000
43070000
43060000
43050000
43060000
430d0000
430d0000
430d0000
430d0000
430f0000
430f0000
430e0000
430f0000
430e0000
430f0000
430e0000
43100000
436c0000
435d0000
43610000
436a0000
43740000
437a0000
43440000
432b0000
432a0000
43150000
42080000
41980000
423c0000
41f80000
41a00000
41500000
41400000
41300000
41a80000
41c80000
41c00000
41a80000
42c60000
43450000
434f0000
43690000
437d0000
437b0000
43520000
435f0000
437c0000
43630000
43070000
43070000
43080000
43090000
43080000
43070000
43070000
43070000
43070000
43060000
43050000
43050000
430d0000
430f0000
430d0000
430d0000
430f0000
430d0000
430f0000
430f0000
430f0000
430f0000
43680000
43560000
43470000
43420000
43400000
43410000
43410000
43420000
433f0000
43360000
43260000
430f0000
41d80000
41700000
42380000
41a00000
420c0000
41800000
41800000
41b80000
42340000
41f00000
41a80000
41a00000
42580000
43110000
434c0000
43680000
43520000
43530000
434e0000
43480000
43430000
433f0000
433f0000
430c0000
43090000
43080000
43080000
43080000
43070000
43070000
43070000
43060000
43060000
43060000
430b0000
430d0000
430f0000
430f0000
430f0000
430f0000
430f0000
43100000
43100000
43100000
43540000
437b0000
43790000
43670000
43520000
43590000
43590000
434e0000
43400000
43320000
43280000
430f0000
41f00000
42140000
42480000
41a00000
41f80000
42300000
41f80000
42100000
41a00000
41e80000
41c80000
41980000
42cc0000
43370000
43540000
437c0000
437c0000
435f0000
43620000
43100000
430d0000
430c0000
430a0000
430b0000
43080000
43090000
43090000
43090000
43080000
43080000
43080000
43070000
43070000
43070000
430c0000
430b0000
430e0000
430f0000
430f0000
43100000
43100000
430e0000
43100000
43100000
43100000
43120000
43120000
434d0000
43740000
43770000
43510000
434d0000
43420000
432b0000
432a0000
431e0000
41c00000
41800000
42040000
42300000
420c0000
420c0000
41f00000
41b80000
42040000
42180000
41200000
41980000
43340000
43790000
43730000
43790000
43610000
436a0000
430d0000
43110000
43330000
430d0000
430d0000
43330000
43080000
43090000
43090000
43090000
43080000
43080000
43070000
43070000
43070000
43060000
430d0000
430d0000
430e0000
43100000
43100000
430f0000
43100000
43100000
43100000
43110000
43110000
43120000
437e0000
437c0000
437f0000
433a0000
43370000
43310000
43330000
433b0000
43220000
43280000
42500000
41500000
41a00000
41b80000
42640000
42580000
41e80000
41600000
41700000
41c00000
41800000
41b80000
431d0000
437c0000
437b0000
437d0000
437d0000
437e0000
43640000
43060000
433d0000
43370000
430d0000
43370000
430e0000
434f0000
43080000
43090000
43090000
43090000
43080000
43080000
43070000
43070000
430c0000
430d0000
430d0000
430e0000
430e0000
43100000
430f0000
43100000
43100000
43110000
43110000
437c0000
437a0000
437e0000
434a0000
43710000
43430000
43390000
433d0000
433e0000
43390000
432e0000
42fe0000
41c80000
41600000
41b80000
42680000
42040000
41e80000
42040000
42040000
41900000
41b00000
42900000
43450000
434b0000
437a0000
437d0000
437f0000
437d0000
43790000
43560000
43600000
43630000
430c0000
43520000
430e0000
43710000
430a0000
43070000
43090000
43070000
43090000
43080000
43080000
43060000
430e0000
430e0000
430d0000
43100000
430e0000
430d0000
430f0000
430d0000
43110000
43110000
430e0000
43650000
43140000
43120000
43370000
43670000
43760000
434a0000
43630000
433f0000
432f0000
43340000
432d0000
429e0000
427c0000
41b00000
41d80000
41d00000
41b80000
41d80000
41700000
41b80000
42000000
42fa0000
43210000
437a0000
43560000
43640000
43780000
43620000
43230000
436a0000
43690000
43710000
43750000
435b0000
43780000
437b0000
430e0000
43480000
430a0000
430c0000
43080000
43080000
43070000
43080000
430f0000
430f0000
430f0000
430f0000
430e0000
43110000
43110000
43110000
43110000
43110000
43110000
430f0000
43110000
43320000
43350000
43690000
43480000
43590000
43440000
43460000
43340000
43400000
431c0000
43190000
42600000
41e80000
41600000
41100000
41b00000
41980000
41700000
41b00000
43030000
431f0000
43450000
436b0000
437d0000
436e0000
43520000
435f0000
434b0000
43660000
43680000
43780000
43760000
43700000
437a0000
43790000
43660000
43600000
43310000
43600000
43090000
43080000
43080000
43070000
430e0000
430e0000
43110000
430f0000
43110000
43110000
43110000
43110000
430f0000
43110000
43100000
43440000
43340000
433c0000
43380000
43410000
43630000
434b0000
43520000
43380000
433f0000
43310000
433f0000
43270000
431e0000
42ba0000
42080000
42140000
41b00000
41d80000
41e00000
42d40000
43350000
43390000
43520000
43740000
43560000
43710000
437d0000
43670000
43510000
433f0000
436f0000
436a0000
436f0000
43750000
43780000
435f0000
43630000
43380000
435d0000
43180000
43080000
430a0000
43090000
43090000
43100000
430f0000
43110000
43110000
43110000
43110000
43110000
43120000
43110000
43110000
43120000
436c0000
434c0000
434c0000
435d0000
433e0000
43750000
434e0000
43480000
433f0000
433d0000
43450000
433f0000
432e0000
432e0000
43150000
430a0000
42e80000
42ae0000
42f40000
43160000
432e0000
43460000
43700000
435a0000
437e0000
43570000
434f0000
434e0000
430e0000
434a0000
43380000
434a0000
436d0000
43610000
436d0000
43620000
436e0000
435b0000
433e0000
434e0000
43330000
430b0000
430a0000
43080000
43090000
430f0000
43110000
430f0000
43110000
43110000
43100000
43100000
43120000
43110000
430f0000
43120000
43120000
43120000
43160000
43600000
436b0000
43450000
436d0000
434c0000
43410000
43450000
43350000
433f0000
43450000
43350000
433c0000
435b0000
43390000
434b0000
433a0000
43350000
433e0000
436e0000
437c0000
437d0000
437a0000
437b0000
43520000
434d0000
435b0000
436b0000
43650000
43590000
43500000
43530000
43530000
43460000
436e0000
434c0000
43530000
43500000
430a0000
430d0000
43140000
430a0000
43070000
430f0000
43110000
430f0000
430e0000
430f0000
43110000
43100000
43120000
43120000
43100000
43120000
43120000
43120000
43330000
43410000
43650000
437b0000
43620000
43700000
43450000
434a0000
43410000
434d0000
43450000
43390000
43430000
437f0000
43530000
43580000
434f0000
43490000
437e0000
437c0000
437b0000
437e0000
437d0000
437d0000
437b0000
43520000
43490000
43690000
435e0000
43620000
43380000
43400000
42580000
42340000
42400000
42de0000
433f0000
435f0000
43540000
436f0000
434c0000
430a0000
430d0000
430f0000
430f0000
43100000
43120000
43110000
43120000
43120000
43100000
43110000
43130000
43120000
43110000
43110000
434f0000
43580000
43280000
430f0000
433d0000
43400000
437c0000
43720000
43550000
43460000
434a0000
434b0000
437e0000
437d0000
437d0000
437e0000
435e0000
436d0000
437e0000
43790000
437a0000
437f0000
437e0000
435e0000
434b0000
43750000
433f0000
43480000
43570000
43600000
43590000
42aa0000
42240000
42040000
41c80000
41e00000
429e0000
43490000
43710000
432b0000
43490000
431e0000
430d0000
43100000
43110000
430f0000
43120000
43100000
43120000
43130000
43130000
43130000
43120000
43130000
43130000
43130000
43140000
43130000
43130000
433d0000
43740000
435b0000
435a0000
43780000
437d0000
43460000
43330000
436a0000
437c0000
43790000
437e0000
437b0000
437e0000
437f0000
437d0000
436c0000
437d0000
437e0000
43740000
437c0000
434d0000
434f0000
437a0000
43310000
43410000
433c0000
43270000
42600000
423c0000
42180000
41a80000
41800000
41f00000
43310000
43750000
43470000
435b0000
43290000
43400000
43100000
43100000
430f0000
43100000
43120000
430f0000
43100000
43130000
43130000
43130000
43130000
43110000
43130000
43130000
43130000
43150000
43590000
43460000
434b0000
43750000
43730000
434f0000
436b0000
43670000
437b0000
437c0000
437e0000
437f0000
437c0000
437d0000
437d0000
437e0000
434c0000
437d0000
437e0000
437e0000
437d0000
437e0000
43140000
43680000
43740000
43670000
43500000
431f0000
42200000
42b00000
42300000
423c0000
41b00000
41d00000
42a80000
43490000
43500000
433e0000
43110000
42b20000
43100000
430f0000
43100000
43120000
43130000
43130000
43130000
43120000
43130000
43130000
43130000
43120000
43130000
43140000
43140000
43620000
435d0000
43140000
43460000
43440000
435b0000
436e0000
43490000
437e0000
43780000
437d0000
437f0000
437e0000
437b0000
43710000
437f0000
437e0000
43450000
437d0000
437a0000
437c0000
43770000
43790000
437f0000
434d0000
43410000
43450000
436b0000
43570000
42480000
42820000
41a00000
42540000
41e80000
41b80000
420c0000
43580000
43510000
43260000
425c0000
42820000
43100000
43100000
43120000
43130000
43130000
43130000
43120000
43140000
43130000
43140000
43140000
43130000
43140000
43140000
43140000
43650000
43300000
43120000
43370000
434c0000
434e0000
434b0000
437a0000
437e0000
437d0000
437e0000
437c0000
437e0000
43730000
43680000
437e0000
437c0000
43160000
43110000
437c0000
435e0000
43700000
43660000
437e0000
43740000
434f0000
434a0000
433d0000
42f40000
42680000
42300000
41c00000
42180000
41f80000
41a80000
41f00000
43500000
436d0000
43640000
42a80000
42f60000
43100000
43130000
43110000
43120000
43120000
43120000
43140000
43140000
43140000
43140000
43140000
43140000
43140000
43140000
43140000
43660000
43140000
43630000
43390000
43640000
43380000
437d0000
431a0000
437b0000
437d0000
437d0000
437e0000
43730000
43690000
435f0000
436e0000
437d0000
43150000
43140000
43130000
43700000
43470000
43400000
43360000
433f0000
43530000
433e0000
433a0000
431d0000
42860000
428c0000
42980000
42440000
42180000
41c00000
42080000
43630000
437c0000
43750000
434c0000
43470000
43110000
43130000
43140000
43140000
43140000
43140000
43140000
43140000
43140000
43140000
43140000
43140000
43120000
43140000
43140000
43140000
43130000
43320000
432b0000
435b0000
433b0000
43060000
42ae0000
43770000
43720000
437b0000
437e0000
436a0000
43610000
435c0000
42b80000
437e0000
43160000
43140000
43140000
43140000
43450000
43590000
43770000
43620000
434b0000
43420000
43310000
43110000
42aa0000
428a0000
42440000
42380000
41980000
41c00000
42180000
43420000
43530000
434f0000
432e0000
43110000
43120000
43120000
43130000
43140000
43140000
43140000
43140000
43140000
43140000
43140000
43140000
43140000
43140000
43140000
43140000
43140000
43130000
43190000
430f0000
43520000
431e0000
43120000
43150000
436a0000
437b0000
437b0000
437f0000
435f0000
43590000
43590000
42ce0000
43580000
436b0000
43140000
43140000
43140000
43790000
437d0000
435a0000
434e0000
43520000
43700000
43440000
43490000
432a0000
42400000
42100000
42040000
41d00000
42140000
42f20000
437c0000
436d0000
430b0000
431c0000
431f0000
43140000
43140000
43140000
43140000
43140000
43140000
43140000
43140000
43140000
43130000
43140000
43150000
43140000
43170000
42cc0000
42ba0000
42bc0000
42c20000
42c40000
43480000
43140000
43150000
43250000
437a0000
43190000
430f0000
43120000
43540000
43540000
43760000
42cc0000
43010000
43770000
43130000
43130000
43140000
43120000
43150000
43140000
43570000
437b0000
437e0000
437d0000
436b0000
43540000
42960000
423c0000
42140000
42240000
42380000
43470000
437f0000
437f0000
437d0000
43140000
43200000
43110000
43140000
43140000
43140000
43140000
43140000
43130000
43150000
43150000
43150000
43140000
43180000
42e40000
42cc0000
42d00000
42a60000
42b00000
42c00000
42be0000
42c40000
42c00000
43170000
43300000
437d0000
43170000
42fc0000
43130000
43130000
43480000
432d0000
42f40000
42ec0000
43130000
43160000
43140000
43140000
43140000
43140000
43570000
43790000
437c0000
437d0000
43770000
437d0000
43640000
435a0000
42dc0000
42640000
42740000
432c0000
437e0000
437c0000
437e0000
437e0000
43170000
431d0000
43120000
43140000
43150000
43140000
43160000
43150000
43140000
43150000
43150000
431c0000
43030000
42d60000
42da0000
42ce0000
42d60000
42ca0000
42c80000
42c80000
42cc0000
42c00000
42bc0000
42e40000
433d0000
43630000
43180000
43140000
43150000
43180000
433e0000
431e0000
42da0000
43150000
43150000
43150000
43140000
43150000
43110000
43420000
43530000
437c0000
437a0000
437d0000
437f0000
437d0000
437d0000
437d0000
434e0000
432d0000
43410000
437f0000
437d0000
437c0000
43750000
42c60000
43190000
43210000
43140000
43130000
43150000
43150000
43130000
43140000
43150000
43190000
42ce0000
42d40000
42be0000
42c00000
42cc0000
42c20000
42d20000
42bc0000
42c60000
42d80000
42d40000
42e40000
42e80000
42d80000
42a40000
43180000
43150000
42f00000
43210000
43180000
43350000
43050000
42de0000
43130000
43130000
43130000
43150000
43150000
43150000
437c0000
436e0000
436e0000
43700000
43660000
43760000
437d0000
437c0000
437e0000
437f0000
437d0000
437e0000
437e0000
437e0000
436d0000
437e0000
43760000
43200000
43310000
43150000
43150000
43150000
43150000
43150000
43130000
431d0000
42d00000
42d80000
42d60000
42d40000
42c20000
42c20000
42c60000
42be0000
42b40000
43090000
430d0000
431c0000
43160000
430d0000
42fc0000
42aa0000
42900000
43170000
43060000
43300000
43150000
43150000
430a0000
431d0000
43160000
43160000
43120000
43130000
43120000
43150000
43160000
43780000
436b0000
43690000
437d0000
437e0000
437f0000
437e0000
437e0000
437e0000
437e0000
437e0000
437d0000
437f0000
437d0000
43180000
437e0000
42ea0000
43400000
43150000
43150000
43150000
43150000
43130000
42c80000
42be0000
42d00000
42d60000
42e40000
42cc0000
43070000
431f0000
43190000
43170000
43160000
43170000
43160000
43160000
43170000
43170000
43160000
431a0000
43150000
42580000
431c0000
43300000
43180000
431c0000
42b00000
43190000
43140000
43160000
43140000
43140000
43150000
43130000
43190000
436f0000
43170000
434e0000
437e0000
437f0000
437e0000
437f0000
437c0000
437d0000
437e0000
437c0000
437e0000
437e0000
437e0000
43100000
43100000
43140000
42de0000
43100000
43150000
43180000
43310000
42ce0000
42e00000
42dc0000
43110000
43190000
43150000
43170000
43170000
43170000
43170000
43180000
43160000
43160000
43170000
43170000
43160000
43170000
43140000
43160000
43160000
42e80000
42ca0000
43340000
43120000
432d0000
42bc0000
43170000
43160000
43150000
43140000
43160000
43130000
43140000
43150000
43150000
43150000
43730000
437e0000
437c0000
437f0000
437c0000
437d0000
437d0000
437e0000
43750000
437e0000
437f0000
437a0000
43400000
430f0000
43160000
430c0000
43140000
43150000
431a0000
43160000
43170000
43170000
43160000
43160000
43170000
43170000
43150000
43170000
43170000
43170000
43180000
43150000
43170000
43170000
43160000
43140000
43170000
43150000
43180000
43140000
43150000
42900000
43470000
43150000
43480000
42be0000
43150000
43170000
43140000
43150000
43130000
43130000
43140000
43140000
43140000
431f0000
437b0000
433f0000
437e0000
43770000
437f0000
437c0000
437a0000
437e0000
43650000
437f0000
437f0000
43290000
43130000
43110000
43110000
43220000
43170000
43160000
43160000
43180000
43170000
43160000
43160000
43160000
43160000
43170000
43170000
43160000
43170000
43170000
43180000
43170000
43170000
43180000
43180000
43170000
43170000
43160000
43180000
43160000
43180000
43110000
43420000
43230000
43610000
42920000
43170000
43150000
43160000
43160000
43140000
43150000
43150000
43130000
43130000
432b0000
43110000
43610000
436d0000
437e0000
43160000
437d0000
434d0000
437d0000
433a0000
437e0000
437e0000
43590000
43110000
43120000
430f0000
431e0000
43150000
43130000
43160000
43160000
43180000
43170000
43180000
43180000
43180000
43180000
43180000
43180000
43180000
43180000
43180000
43180000
43180000
43180000
43160000
43170000
43170000
43180000
43190000
43170000
43180000
43140000
430d0000
43310000
43380000
42cc0000
43160000
43160000
43150000
43150000
43160000
43150000
43160000
43150000
43150000
43130000
43130000
43410000
43140000
437f0000
43140000
437c0000
43160000
43760000
43180000
43730000
437f0000
43120000
43130000
43110000
43110000
42ea0000
43140000
43160000
43160000
43150000
43160000
43180000
43180000
43190000
43190000
43180000
43190000
43190000
43190000
43190000
43190000
43160000
43160000
43180000
43180000
43190000
43160000
43180000
43170000
43170000
43170000
43190000
43080000
43510000
432a0000
42e00000
43160000
43160000
43160000
43150000
43150000
43150000
43140000
43150000
43170000
43140000
43140000
43150000
43140000
431e0000
43140000
437e0000
43160000
43780000
43120000
43670000
43490000
43110000
43120000
43110000
43120000
42ea0000
43160000
43190000
43160000
43160000
43180000
43180000
43150000
43190000
43190000
43190000
43190000
43190000
43180000
43180000
43190000
43190000
43190000
43190000
43170000
43180000
431a0000
43180000
431b0000
43190000
43160000
43170000
433e0000
436c0000
43160000
42bc0000
43170000
43160000
43170000
43170000
43150000
43160000
43150000
43160000
43160000
43160000
43140000
43140000
43150000
43140000
43130000
43210000
43130000
43120000
43110000
43210000
43170000
43110000
43120000
43120000
43120000
43000000
43160000
43170000
43170000
43190000
43190000
43190000
43190000
43180000
43180000
43190000
43180000
43170000
43190000
431a0000
43190000
43170000
43170000
43180000
43170000
43180000
43180000
43170000
43190000
43180000
43180000
43180000
433f0000
43190000
42f00000
43020000
43170000
43170000
43170000
43160000
43160000
43160000
43160000
43150000
43140000
43150000
43140000
43130000
43130000
43140000
43150000
43130000
43140000
43140000
43130000
43140000
43120000
43120000
43110000
43120000
43120000
43050000
