41500000
40a00000
40a00000
41e80000
41880000
42500000
41b00000
42000000
41a00000
42040000
41f00000
41d00000
42200000
41400000
41400000
41700000
42700000
42bc0000
423c0000
430e0000
423c0000
423c0000
42580000
42600000
426c0000
424c0000
42440000
43600000
43670000
41a00000
42580000
425c0000
42280000
42900000
43380000
42940000
422c0000
42140000
41a00000
41800000
41880000
41b00000
41700000
41300000
41200000
433c0000
41c00000
41500000
40a00000
41400000
42200000
41700000
41600000
42000000
41700000
41e80000
41400000
41100000
41900000
41000000
41900000
41d00000
42340000
42aa0000
41d80000
42480000
41980000
41e00000
41880000
41400000
40c00000
425c0000
42940000
41f00000
42b00000
42820000
40e00000
42960000
42640000
429a0000
42080000
42480000
42a20000
43560000
43600000
428c0000
42880000
42180000
42840000
42d00000
43610000
428c0000
428e0000
42700000
41c80000
41800000
42da0000
41a80000
41700000
432d0000
43330000
42700000
42680000
41600000
43290000
43420000
42140000
41300000
42240000
40c00000
42640000
42100000
40c00000
40a00000
423c0000
40a00000
40a00000
42a40000
41c00000
429a0000
42b40000
435b0000
436f0000
41900000
41880000
41200000
41600000
42640000
42300000
41600000
42aa0000
41980000
41400000
429e0000
42640000
434f0000
43660000
429a0000
42880000
43560000
43500000
41c00000
41600000
41100000
42d60000
43500000
435b0000
42a80000
42d60000
42820000
42960000
42b40000
42a40000
43410000
43300000
43340000
43390000
41400000
41500000
41400000
432d0000
43270000
43230000
40800000
42840000
41100000
41800000
43670000
41c00000
41100000
420c0000
41e00000
41d80000
41b00000
41200000
41b00000
42400000
437b0000
42700000
41500000
41b00000
41700000
41100000
42140000
42680000
41d80000
41400000
41e00000
43610000
437b0000
41f80000
43500000
436e0000
43620000
43580000
434c0000
433f0000
431e0000
43500000
43490000
42c80000
434d0000
434d0000
42a40000
42940000
42540000
43500000
43310000
432f0000
43510000
433e0000
433e0000
40400000
41d00000
41200000
41c00000
42100000
433b0000
41880000
41300000
41980000
41b00000
42500000
41000000
42820000
424c0000
427c0000
41a00000
421c0000
41400000
41b80000
41400000
43170000
437a0000
43630000
41a00000
41300000
41500000
424c0000
424c0000
41b00000
41c00000
41a80000
41900000
43540000
434c0000
428a0000
43580000
43630000
43600000
43500000
433a0000
43310000
434c0000
434a0000
43580000
43410000
43540000
434b0000
42980000
42a40000
43400000
432b0000
432b0000
43420000
43290000
43400000
433c0000
41000000
41b80000
41200000
424c0000
41400000
43040000
41980000
41b80000
42c80000
41f00000
421c0000
43600000
41200000
42040000
42900000
437a0000
41a00000
41000000
41600000
41200000
424c0000
42280000
43690000
42200000
41300000
41100000
42240000
421c0000
425c0000
41d80000
42100000
41400000
435f0000
43570000
43500000
43570000
43510000
43530000
434c0000
432a0000
43350000
43570000
43400000
43460000
43490000
434e0000
434b0000
42c00000
43560000
435c0000
431d0000
43210000
433c0000
43180000
43390000
432e0000
41200000
42040000
41300000
42e40000
41600000
41300000
41100000
41900000
41000000
41200000
42340000
42d80000
41900000
42280000
42ae0000
434e0000
42f20000
41800000
41c80000
41980000
42800000
42000000
42820000
421c0000
41980000
41800000
42280000
41700000
41f80000
41800000
41d00000
435e0000
43500000
434a0000
434a0000
433f0000
434b0000
434b0000
434f0000
43340000
43330000
43510000
433f0000
433f0000
433c0000
43470000
434b0000
435c0000
43550000
434c0000
42ea0000
43700000
436c0000
43400000
432a0000
433e0000
42040000
43360000
42440000
42100000
41980000
41400000
41100000
41000000
41500000
41900000
41000000
42ac0000
42100000
42840000
430c0000
43040000
41200000
40e00000
41880000
41800000
41c00000
42680000
42580000
42000000
42b00000
42280000
41d80000
42180000
42900000
42ce0000
43080000
43440000
43380000
43500000
43450000
434d0000
43470000
43430000
434b0000
43370000
43380000
434e0000
433f0000
433f0000
43420000
433f0000
43460000
435c0000
43400000
434b0000
43510000
43560000
434e0000
43410000
43320000
43350000
43550000
43460000
41b00000
41b00000
41100000
41300000
41800000
41500000
41400000
42480000
41400000
42100000
42580000
42920000
422c0000
41400000
41500000
41000000
41700000
428c0000
41a80000
42da0000
42200000
42500000
41e80000
41200000
42040000
436c0000
436a0000
43740000
42b20000
43450000
43390000
43350000
434c0000
43460000
43290000
433b0000
43440000
43370000
43480000
43490000
433d0000
433c0000
43480000
433a0000
434b0000
433a0000
43410000
43520000
43530000
43420000
433c0000
43450000
432c0000
433f0000
43630000
43570000
41d80000
41980000
41000000
41d80000
41200000
41100000
41700000
41980000
42380000
41e00000
42820000
41800000
41d80000
41c80000
41a80000
41b00000
42be0000
428a0000
41700000
432f0000
41900000
42ea0000
41900000
41400000
43750000
435a0000
435d0000
43500000
43640000
432d0000
43400000
433d0000
433a0000
43410000
43340000
43390000
43390000
43350000
43450000
43460000
433a0000
43370000
43440000
43390000
433e0000
43400000
43430000
43550000
43410000
433c0000
43370000
433a0000
43410000
43650000
43760000
433e0000
42000000
41880000
41300000
40800000
41200000
41500000
42000000
41b80000
41800000
42040000
43430000
43470000
41700000
41a00000
41700000
424c0000
42380000
41500000
41800000
434f0000
43280000
41500000
435b0000
41500000
434c0000
43640000
43590000
435b0000
43350000
43420000
43420000
43460000
43460000
433e0000
43380000
43330000
432d0000
43300000
433a0000
43420000
433e0000
43330000
43370000
43390000
433c0000
433e0000
433c0000
43500000
434a0000
433d0000
43360000
43400000
43730000
43650000
43760000
43740000
42040000
41200000
41200000
40e00000
41f80000
40e00000
41400000
42100000
41200000
42cc0000
43540000
43500000
435e0000
41900000
41c00000
42240000
41800000
42200000
41600000
41800000
433f0000
42080000
435c0000
432f0000
43630000
43270000
43320000
43250000
43590000
43360000
43400000
433f0000
43390000
43410000
43280000
43220000
43270000
432b0000
433a0000
43370000
43300000
43280000
432f0000
43240000
432c0000
432f0000
433b0000
43450000
433d0000
43330000
43460000
434c0000
434c0000
43650000
43760000
43520000
41b80000
41100000
41000000
41200000
40e00000
41400000
41880000
41980000
40e00000
40400000
41980000
43490000
43420000
41f00000
41e00000
42580000
41a80000
42380000
41c80000
41400000
41300000
42540000
43280000
432c0000
43360000
43380000
434e0000
43410000
43370000
43310000
432c0000
432b0000
43290000
43240000
43300000
43290000
431c0000
43280000
43330000
43290000
43080000
43110000
43140000
43190000
43150000
431a0000
43350000
43410000
434d0000
433a0000
43480000
434c0000
43480000
434a0000
434d0000
42b80000
423c0000
41900000
41000000
41000000
41880000
41500000
42100000
41600000
41100000
41000000
42280000
43300000
41300000
41000000
41d00000
41880000
426c0000
43340000
41700000
41600000
41f00000
41400000
41b00000
435a0000
43510000
43570000
432c0000
432b0000
43360000
431c0000
43070000
43280000
43140000
43240000
430d0000
43150000
430b0000
431e0000
43110000
43150000
42ea0000
43020000
43060000
430a0000
43090000
43120000
43270000
432e0000
43330000
43410000
433d0000
43350000
43320000
43380000
43350000
42340000
41500000
41400000
43270000
3f800000
41c00000
40e00000
41f00000
41300000
41200000
41000000
41500000
41400000
41980000
41900000
40e00000
40a00000
43090000
434b0000
41b00000
41400000
42180000
42980000
41300000
43570000
434e0000
43530000
43430000
43440000
432d0000
43190000
43290000
43280000
43300000
43120000
430b0000
43000000
42f20000
430a0000
42e40000
42ba0000
42a00000
42c60000
42d40000
42f40000
42d60000
43090000
43150000
43110000
43260000
43300000
43220000
431f0000
433b0000
43300000
43140000
41d00000
41500000
435d0000
434b0000
43330000
430e0000
433b0000
41300000
40e00000
41980000
42640000
40c00000
40e00000
41600000
41400000
41900000
41200000
40e00000
429c0000
41000000
42240000
42500000
42580000
43280000
43200000
43320000
43420000
434c0000
433a0000
43410000
43390000
43120000
42f20000
430c0000
43000000
42f60000
42bc0000
42d20000
41b80000
41e00000
42080000
41a80000
41b00000
40c00000
429e0000
42ae0000
429a0000
42c20000
42ea0000
43070000
42f80000
430e0000
431f0000
43230000
430d0000
42ac0000
43390000
436e0000
435f0000
43540000
43010000
432a0000
43160000
434e0000
42da0000
434a0000
42980000
40c00000
40c00000
41000000
40e00000
40e00000
40c00000
40e00000
40e00000
41200000
41c00000
41300000
41100000
43240000
43390000
43360000
43370000
433d0000
43400000
43310000
434d0000
432a0000
42e60000
431d0000
431b0000
42ce0000
42740000
41a80000
41c80000
41b80000
41600000
41900000
41880000
41000000
41000000
41a80000
41880000
42940000
42c80000
42c60000
42ea0000
43080000
43130000
43370000
43100000
432a0000
43610000
43340000
43570000
43410000
43170000
42840000
42da0000
42b00000
43370000
43310000
433b0000
40c00000
40e00000
40a00000
41400000
41000000
40800000
40a00000
40a00000
41900000
40e00000
00000000
43440000
43660000
43320000
433b0000
43510000
433e0000
43310000
43450000
432c0000
433f0000
43150000
42b20000
43200000
42c80000
41c80000
41980000
41f00000
41b80000
41500000
41b00000
41e80000
41c80000
41000000
3f800000
41980000
42820000
42c20000
42c40000
42e20000
43130000
43290000
42e80000
43100000
43400000
43440000
433c0000
43320000
433d0000
43530000
42a00000
42860000
42820000
433c0000
428a0000
43530000
41880000
42480000
41c00000
41d00000
40400000
41100000
41000000
40a00000
41200000
41700000
436a0000
43420000
43360000
434c0000
43370000
433a0000
43350000
43330000
431b0000
43300000
431a0000
432f0000
42e60000
42780000
41500000
41880000
40e00000
41200000
41f00000
42140000
41600000
41980000
41300000
42200000
40a00000
41d00000
41600000
41b80000
42b40000
43100000
431e0000
42ce0000
430a0000
432d0000
43430000
43310000
43320000
43400000
43410000
43010000
42ba0000
42ae0000
428a0000
430c0000
42cc0000
42f20000
41b80000
426c0000
41f00000
41300000
41980000
41200000
41000000
41000000
40e00000
422c0000
41980000
433f0000
43350000
43350000
433b0000
43390000
433b0000
432a0000
432b0000
430a0000
43150000
43020000
420c0000
41000000
41d00000
42080000
41f80000
42440000
42040000
42040000
41b00000
41600000
42200000
42280000
41700000
41900000
41f80000
41a00000
41800000
42ac0000
42a60000
430f0000
43140000
43320000
43300000
43310000
43400000
43420000
432f0000
43480000
432d0000
428e0000
429e0000
42a60000
43320000
42b20000
42280000
41b00000
41f80000
41b80000
421c0000
41b00000
41100000
40e00000
41d80000
41100000
41100000
432a0000
43340000
43360000
43390000
432d0000
43380000
43430000
43260000
43240000
43100000
42ac0000
420c0000
40e00000
41600000
41e80000
41900000
41800000
41600000
41700000
41a80000
42920000
42440000
41400000
41900000
41500000
41100000
40c00000
41600000
41b00000
42400000
43100000
43140000
43310000
43300000
433d0000
433e0000
43430000
43280000
43230000
424c0000
43290000
42940000
43730000
43500000
429e0000
41880000
41700000
41000000
41c80000
41100000
40800000
40e00000
40c00000
41980000
41400000
41f00000
41500000
43380000
433d0000
43380000
43270000
43150000
43220000
43590000
432a0000
43130000
42c40000
41100000
41200000
40000000
41980000
41a80000
41d80000
40a00000
40800000
41400000
40400000
41c00000
41300000
41d00000
42080000
40800000
40a00000
41700000
41400000
40400000
43030000
43280000
431f0000
43390000
43440000
43680000
43710000
43640000
43600000
433a0000
42680000
42b40000
436d0000
42ae0000
43740000
43320000
43090000
43380000
41980000
40e00000
40a00000
41c00000
41800000
41900000
434f0000
43420000
43200000
432d0000
43380000
43290000
43250000
43170000
43090000
430b0000
424c0000
433d0000
41a80000
41b80000
41e00000
41c00000
42000000
41880000
40400000
42440000
40c00000
41880000
420c0000
41900000
42500000
40800000
41e80000
41a00000
41c00000
40e00000
41f00000
42380000
43140000
43290000
43310000
43450000
43530000
436b0000
436a0000
436f0000
436c0000
434e0000
430a0000
43180000
43160000
430a0000
43520000
40e00000
432a0000
42900000
41700000
41900000
41980000
431c0000
43050000
43600000
43660000
43430000
435e0000
43530000
432e0000
43250000
431e0000
43100000
43120000
42ee0000
43000000
42480000
41880000
41700000
41980000
41c00000
41700000
40a00000
420c0000
40a00000
421c0000
41800000
41b00000
42740000
42840000
40000000
40c00000
41200000
41c00000
40c00000
41d00000
423c0000
432d0000
433f0000
431a0000
433d0000
43560000
434d0000
43520000
43620000
43650000
43600000
430c0000
431a0000
43230000
43210000
43190000
42860000
42580000
41200000
43270000
432e0000
432b0000
432c0000
43320000
43180000
43660000
436b0000
43660000
43590000
433c0000
43300000
43300000
43280000
43090000
42ee0000
42ac0000
41300000
41200000
42140000
41100000
41980000
41200000
41100000
41d00000
41b80000
41300000
41b80000
421c0000
41800000
41b80000
41300000
41400000
40c00000
41a00000
41b00000
41f00000
40800000
427c0000
42b20000
433e0000
434c0000
43470000
433f0000
433a0000
43250000
43440000
43210000
430e0000
43280000
43140000
43300000
432f0000
429a0000
42ea0000
41100000
41800000
43240000
432d0000
432c0000
43260000
436a0000
43710000
43680000
43560000
43630000
435b0000
434f0000
433a0000
43300000
433c0000
43300000
42b60000
41a00000
42100000
41500000
41b80000
41100000
41d00000
41a00000
41f80000
41400000
41b00000
41a00000
42140000
41300000
41c80000
41500000
41b80000
41a80000
41600000
41a00000
41900000
41300000
41c00000
43330000
43500000
433e0000
433a0000
43400000
43350000
43270000
43440000
43310000
43240000
43350000
43270000
43300000
43340000
430c0000
43190000
41300000
43210000
43200000
43260000
432c0000
43200000
432e0000
43200000
436b0000
43410000
433c0000
435e0000
434d0000
434a0000
43430000
43300000
431a0000
42080000
41b00000
41500000
41400000
41200000
41700000
41600000
41f00000
41000000
41a80000
41c00000
41f80000
42300000
41800000
41d80000
41a80000
41800000
41800000
41100000
42080000
41300000
41d80000
429a0000
43410000
435a0000
43450000
43230000
431e0000
43310000
432c0000
43250000
434b0000
431e0000
43280000
432f0000
43320000
432d0000
43110000
43190000
431d0000
42d20000
42dc0000
42c40000
42aa0000
431a0000
431b0000
43150000
43440000
43520000
43550000
435b0000
435c0000
43590000
43420000
433e0000
43450000
42400000
42100000
42600000
41800000
41880000
41c00000
42800000
41300000
41880000
422c0000
42540000
42b00000
41c80000
41200000
41a80000
41880000
41100000
41100000
40000000
42240000
41c80000
41300000
43160000
43540000
435e0000
43230000
43100000
432b0000
43110000
431e0000
431e0000
43180000
43210000
431e0000
431b0000
43080000
42ac0000
43110000
431f0000
43220000
43050000
42ce0000
42980000
42e80000
429c0000
42980000
432f0000
43340000
43580000
43620000
436a0000
43720000
43750000
436e0000
43620000
43320000
40a00000
41a80000
40400000
41600000
421c0000
40a00000
41900000
42000000
41000000
41e80000
40c00000
42100000
41400000
41e00000
41c00000
41800000
41880000
41800000
41200000
41300000
41900000
42140000
42880000
430d0000
43150000
433e0000
42b40000
42da0000
42f40000
43080000
43120000
43140000
43290000
431e0000
431c0000
430b0000
42b80000
43160000
431d0000
43240000
432d0000
432d0000
43280000
430b0000
43730000
436e0000
42aa0000
43140000
436e0000
433f0000
434d0000
43580000
43670000
43690000
435f0000
43370000
424c0000
40a00000
40e00000
41400000
41000000
3f800000
42900000
41400000
41980000
41980000
41500000
41200000
40e00000
41000000
41800000
41600000
41f80000
420c0000
41500000
41880000
41500000
41200000
41800000
42580000
42b00000
42c00000
42de0000
43050000
431a0000
43300000
432b0000
43240000
42cc0000
43000000
431c0000
43180000
42fc0000
43200000
43290000
43270000
43210000
43260000
43150000
432b0000
43640000
43440000
43070000
42940000
43370000
43600000
43330000
43380000
43550000
43580000
43480000
432a0000
42a40000
40e00000
41900000
41400000
41f00000
40a00000
42140000
41f80000
41b80000
41900000
41700000
41200000
41400000
41300000
41500000
41000000
423c0000
41600000
41f80000
41880000
42440000
41500000
41f80000
42a40000
42ea0000
42f00000
43030000
430a0000
43190000
43310000
435a0000
43620000
43640000
42bc0000
42a80000
42a00000
42780000
432c0000
43210000
432a0000
43230000
431f0000
43200000
431f0000
431b0000
437e0000
43060000
43090000
436a0000
43250000
43210000
43210000
43530000
43290000
431d0000
42ca0000
41a80000
41000000
41e00000
41980000
41b00000
3f800000
41800000
42840000
41c00000
41500000
41400000
41400000
41800000
40c00000
40e00000
41900000
41e00000
42640000
42880000
41d00000
42100000
41700000
42b00000
43410000
434f0000
434d0000
434e0000
43530000
435b0000
435c0000
43670000
43560000
435b0000
436a0000
42500000
43130000
435c0000
40c00000
43250000
43260000
43240000
43230000
43260000
430e0000
43180000
43430000
434a0000
433d0000
431d0000
432a0000
434d0000
43520000
43470000
43430000
42c20000
42d40000
41900000
40e00000
41a00000
41b80000
424c0000
40000000
42080000
42100000
40e00000
41500000
41200000
41400000
41880000
41800000
41500000
41b00000
42860000
41400000
41500000
41600000
41300000
41100000
41880000
43690000
435e0000
43650000
43670000
435f0000
43610000
43550000
434c0000
43580000
434a0000
43510000
43450000
42340000
43470000
40c00000
41600000
43250000
43210000
43270000
431e0000
431e0000
43200000
434c0000
432b0000
43170000
431a0000
43220000
43410000
43540000
43540000
43540000
434c0000
43110000
40800000
41a80000
41200000
41e00000
40c00000
41000000
41f80000
40800000
41600000
41b80000
40c00000
41200000
40e00000
40e00000
41c00000
40400000
41800000
40800000
41880000
41900000
40000000
41900000
43000000
435b0000
435b0000
435c0000
435a0000
43620000
435f0000
435c0000
435f0000
43650000
43610000
43630000
436c0000
423c0000
42860000
40400000
41b80000
41880000
43220000
43050000
430e0000
431b0000
43030000
431d0000
43390000
43260000
43240000
437a0000
43710000
43480000
433c0000
43370000
43360000
432f0000
42e40000
40e00000
42100000
41a80000
41b80000
42140000
40a00000
41200000
42340000
42280000
41a80000
40c00000
421c0000
40e00000
41880000
40800000
41b80000
41200000
41600000
41900000
41100000
41b80000
432b0000
43630000
434c0000
43640000
436c0000
43730000
436d0000
43580000
43610000
435c0000
43560000
435f0000
42500000
424c0000
43760000
437e0000
40800000
40a00000
41000000
431d0000
43020000
43080000
431b0000
43180000
431f0000
431c0000
43120000
43770000
436d0000
435f0000
435a0000
435f0000
43640000
43710000
42240000
41c00000
42140000
40c00000
42080000
41500000
40a00000
41980000
41600000
42820000
40e00000
41c00000
42820000
3f800000
41e80000
40800000
40e00000
41300000
41600000
41f00000
41d80000
41300000
43650000
43530000
43480000
43640000
436b0000
436a0000
43560000
43740000
43040000
42b40000
42a00000
42180000
43330000
42340000
43680000
43760000
43640000
43780000
41000000
41500000
42ec0000
42e40000
431f0000
431f0000
431e0000
430f0000
43080000
43210000
435d0000
436f0000
43710000
43560000
43070000
43020000
42d00000
42940000
41b00000
41a80000
41000000
41c80000
41300000
41a00000
41b80000
40a00000
41e00000
42640000
41b00000
41600000
41d00000
41400000
41700000
42580000
41a00000
41d00000
41a00000
426c0000
42fc0000
43630000
43680000
43450000
43470000
43460000
43550000
43440000
43720000
42c40000
42c40000
42a20000
42a00000
41200000
41100000
43710000
43770000
43500000
42d80000
41100000
41d00000
431f0000
43250000
430a0000
43070000
43080000
43090000
43180000
43030000
43040000
43150000
430a0000
43160000
43340000
43350000
43460000
424c0000
41e00000
41200000
41a00000
41d80000
42240000
42a60000
41100000
41900000
41c00000
41d00000
41000000
42740000
3f800000
41400000
41880000
41b00000
42540000
42bc0000
43400000
43560000
434a0000
43700000
43680000
436d0000
436c0000
433b0000
42f00000
42f00000
436b0000
42d60000
42440000
42140000
41200000
41400000
40000000
3f800000
43070000
41c80000
40a00000
41800000
41600000
432a0000
43300000
430c0000
43070000
431f0000
43160000
43220000
43260000
431c0000
43190000
43430000
43480000
435d0000
43350000
42d20000
41000000
41d00000
41a80000
41b00000
41800000
41a00000
41700000
41300000
41800000
41a80000
41e80000
42080000
41a80000
41a80000
41800000
41800000
42840000
435a0000
434f0000
43710000
43610000
43320000
43370000
43300000
431e0000
43280000
42ec0000
43050000
43400000
42100000
41000000
422c0000
42180000
42100000
40400000
41800000
41d80000
422c0000
40a00000
41100000
42040000
41a80000
41600000
40800000
41500000
41c00000
42ea0000
42e20000
43340000
43240000
43590000
43600000
436d0000
43710000
43590000
435e0000
41b00000
41400000
41000000
41800000
40a00000
41100000
41700000
41f00000
41500000
42400000
41880000
41b80000
41300000
41880000
41400000
41b00000
42b40000
43660000
43660000
43730000
43700000
43720000
43300000
43350000
432a0000
431d0000
430e0000
43380000
430f0000
42800000
422c0000
42820000
42180000
41800000
40a00000
40800000
40000000
41000000
41000000
41600000
41880000
41e00000
40a00000
40800000
40a00000
41300000
41700000
43530000
433a0000
43620000
43730000
43670000
43740000
43600000
43720000
43700000
430b0000
40c00000
41000000
41880000
41800000
41600000
41500000
41000000
41500000
41200000
42040000
41a80000
41300000
41000000
42d40000
43170000
43670000
43740000
43680000
436a0000
43730000
437b0000
43790000
434b0000
43600000
43100000
43380000
42f60000
41000000
434b0000
42600000
41e00000
42be0000
41100000
40800000
40a00000
41000000
41300000
42ae0000
42960000
41d00000
42ae0000
41100000
40e00000
41000000
41900000
434a0000
43510000
435f0000
43770000
43640000
43760000
436a0000
43760000
436d0000
435b0000
43660000
43520000
42f60000
42300000
41880000
41800000
41300000
40800000
41500000
41800000
41700000
41500000
40000000
41800000
43650000
436c0000
43670000
436f0000
43750000
43600000
436b0000
43780000
43740000
435d0000
435a0000
42f40000
43130000
42ec0000
42da0000
41980000
41b80000
40a00000
42540000
422c0000
40c00000
41000000
41700000
40a00000
42780000
41880000
42780000
41f00000
41a80000
40c00000
41300000
41100000
434a0000
435d0000
43740000
436d0000
436c0000
43610000
437a0000
43650000
43780000
436c0000
43710000
436e0000
43660000
42c80000
41000000
41b80000
423c0000
42040000
41800000
423c0000
41800000
42f60000
42b60000
435c0000
43720000
43640000
43740000
43780000
436b0000
43740000
435b0000
43760000
43780000
43550000
435d0000
42f40000
42ea0000
430c0000
41c80000
41980000
42280000
41d00000
41b80000
42040000
41000000
41b80000
40c00000
40400000
40800000
41e80000
42080000
41b00000
41000000
41a80000
40800000
40a00000
43530000
435d0000
43620000
436e0000
43580000
43790000
43560000
437b0000
437b0000
43700000
43690000
43720000
43540000
43260000
432f0000
431e0000
42d80000
42940000
43400000
42b20000
42a20000
43690000
43610000
43750000
43760000
43740000
43760000
43680000
43790000
43440000
43370000
43280000
432b0000
43290000
434d0000
43250000
431e0000
43220000
41900000
41d00000
41500000
42340000
43620000
43610000
41a80000
40a00000
42540000
40800000
40000000
42ea0000
42740000
41100000
40c00000
41b80000
42140000
41100000
41300000
435b0000
436c0000
43530000
43760000
435f0000
43240000
436f0000
436f0000
43750000
436a0000
43420000
434c0000
43560000
435f0000
43660000
43700000
434e0000
43620000
435e0000
42ea0000
43750000
43710000
43780000
43730000
43700000
436c0000
43790000
43540000
42d40000
433f0000
43380000
433f0000
43410000
43410000
433c0000
432d0000
43240000
43320000
42a40000
42540000
42bc0000
434e0000
43520000
41500000
41d80000
41e00000
422c0000
41700000
41900000
41400000
42500000
42600000
42080000
41b80000
40800000
40800000
43540000
43550000
43630000
43650000
42a80000
43120000
436f0000
437a0000
43750000
43310000
435a0000
43650000
43700000
43670000
43710000
43730000
43670000
43750000
43720000
436f0000
43770000
43740000
43550000
436d0000
43700000
43740000
436c0000
43460000
43460000
42ce0000
42c20000
43340000
434c0000
43620000
41100000
42ec0000
43420000
42f80000
42840000
429a0000
420c0000
43760000
43670000
41d00000
43130000
40400000
42a80000
42280000
41d80000
41600000
41f80000
41200000
41c00000
41000000
40800000
430e0000
430f0000
433a0000
43250000
42ac0000
429c0000
43380000
43480000
43310000
43400000
434d0000
43660000
433e0000
437a0000
43760000
437a0000
436f0000
437c0000
43790000
43720000
436f0000
437a0000
43770000
43660000
43770000
43650000
43690000
43750000
43560000
43570000
42b80000
42ca0000
42ea0000
43010000
41e00000
41600000
421c0000
41200000
41d00000
428a0000
41800000
421c0000
43660000
436f0000
43290000
43210000
43290000
42580000
42440000
42080000
41100000
41800000
422c0000
427c0000
41600000
40800000
430f0000
43380000
423c0000
42bc0000
42ca0000
43240000
43420000
43530000
43500000
43440000
435a0000
435d0000
43550000
437b0000
43770000
437a0000
43560000
437b0000
43780000
43760000
43680000
43760000
43760000
436e0000
432c0000
43730000
43520000
43530000
43540000
43590000
41600000
42d40000
42e40000
43040000
41a00000
41300000
41100000
41c00000
40c00000
41e80000
41b80000
40400000
40000000
41300000
40800000
43280000
40e00000
41980000
42440000
41900000
41200000
42340000
41500000
42140000
41200000
40400000
40c00000
41d00000
42500000
42ba0000
42d20000
43440000
43590000
43420000
433e0000
43590000
43660000
43630000
43620000
437a0000
43750000
437b0000
43560000
437d0000
437a0000
43780000
437a0000
43730000
43780000
436e0000
43460000
43000000
43670000
43550000
433a0000
43390000
435d0000
41600000
42e40000
42de0000
41b80000
40e00000
41600000
41100000
41c00000
41000000
3f800000
42ea0000
40000000
42000000
41f00000
40000000
41300000
41980000
43440000
41d80000
41800000
41900000
41100000
41500000
40a00000
40400000
40a00000
41d80000
41400000
43010000
42e60000
43510000
435a0000
43610000
433c0000
435e0000
434f0000
43430000
43520000
43760000
43770000
43490000
435c0000
437a0000
43780000
436f0000
43090000
437b0000
437a0000
43710000
435a0000
43100000
43220000
43560000
42c80000
43360000
432f0000
41800000
41800000
41600000
41200000
41600000
41700000
40400000
40800000
43130000
43080000
41b00000
41100000
42100000
41100000
41400000
42ee0000
433f0000
43120000
42400000
42380000
420c0000
41200000
41800000
40a00000
41b00000
41d00000
41600000
430f0000
43120000
42f60000
434a0000
434e0000
43400000
41d00000
43660000
43630000
43470000
430a0000
42a00000
41600000
43510000
43600000
43730000
436d0000
43490000
43040000
43780000
43790000
43730000
43570000
433d0000
41700000
41f80000
423c0000
43380000
432d0000
41600000
41300000
41300000
41200000
436c0000
41200000
41100000
40400000
40800000
43220000
42740000
42240000
41700000
41500000
41100000
41880000
42300000
43560000
43660000
43000000
40c00000
41200000
41880000
41000000
43310000
40400000
41600000
43120000
43180000
42140000
43500000
43620000
41b80000
42040000
43460000
43270000
43240000
42e40000
42000000
41880000
435d0000
43620000
43550000
432a0000
43050000
43010000
43160000
43760000
436f0000
435f0000
43410000
41880000
41500000
41100000
41200000
41980000
40e00000
41a80000
40e00000
43520000
43290000
40800000
40800000
41100000
42aa0000
40c00000
43260000
43690000
41a80000
41880000
42580000
42740000
434f0000
43070000
41100000
42100000
41000000
41600000
43660000
432d0000
41800000
41400000
40800000
42f40000
41d00000
41600000
435b0000
42100000
41400000
40a00000
434e0000
43500000
42e80000
42c80000
41500000
42100000
428e0000
435e0000
43580000
41880000
430e0000
43020000
42e60000
43750000
436b0000
43700000
433f0000
431a0000
41500000
41100000
41200000
41500000
41e00000
40c00000
40800000
41600000
41300000
41300000
40c00000
40c00000
41200000
40000000
41100000
432e0000
41500000
40400000
41a00000
41d00000
43470000
42440000
41400000
41c00000
41100000
41800000
41100000
42780000
43780000
40000000
40400000
40a00000
41880000
41200000
41700000
41300000
41a00000
42b00000
43680000
42920000
42c60000
41700000
41b00000
422c0000
41200000
43500000
435d0000
40e00000
430b0000
43040000
42f80000
42ba0000
43610000
432a0000
433c0000
432d0000
41300000
40e00000
41300000
40e00000
41000000
40800000
40a00000
40400000
40c00000
40a00000
41500000
41e00000
41e80000
423c0000
42bc0000
43030000
41200000
41000000
41900000
41400000
42440000
41900000
41700000
41300000
41e80000
42000000
41100000
41880000
437e0000
41b80000
41e00000
42040000
42040000
41e80000
41500000
41f00000
42380000
421c0000
426c0000
42d40000
42240000
41980000
41880000
41900000
41e00000
434b0000
41400000
41900000
43190000
43040000
42f80000
42c80000
420c0000
431b0000
43360000
41100000
41900000
40400000
41000000
41300000
40c00000
41400000
41100000
41100000
422c0000
41600000
423c0000
41e00000
42340000
41b80000
41a80000
42e40000
42e40000
41000000
41900000
42100000
41700000
42280000
41700000
41a00000
421c0000
41400000
40e00000
42300000
00000000
41800000
42480000
41500000
41d80000
40a00000
40a00000
41800000
41980000
42100000
41e00000
41c00000
41b00000
41a00000
41f00000
41a00000
41400000
41600000
41000000
41980000
43280000
43110000
43020000
42340000
41600000
42000000
43210000
40e00000
40c00000
40c00000
40800000
40e00000
40e00000
40800000
41100000
40000000
41000000
41700000
41200000
42580000
41000000
40e00000
429a0000
42d00000
40e00000
