40a00000
00000000
40a00000
40000000
40a00000
41e00000
41900000
41300000
40000000
41e80000
41e00000
40800000
40e00000
41600000
42780000
42240000
42100000
425c0000
41980000
42280000
428e0000
42180000
425c0000
42180000
41500000
425c0000
428e0000
41f80000
41300000
41700000
41900000
41300000
421c0000
41880000
3f800000
41880000
3f800000
41100000
00000000
41100000
41a80000
42000000
41300000
41200000
41900000
41900000
41800000
42380000
41e80000
42100000
42380000
41a00000
00000000
41b00000
42a20000
42ea0000
40800000
40c00000
41300000
40000000
41000000
42040000
41500000
40800000
41100000
41b80000
41d00000
420c0000
41d80000
42240000
42040000
41600000
423c0000
42a20000
427c0000
426c0000
426c0000
41c80000
42000000
41a80000
42440000
42920000
42380000
42240000
41500000
428e0000
41d00000
00000000
41980000
41400000
3f800000
41400000
41c00000
41100000
00000000
41200000
41300000
41800000
41f80000
00000000
42040000
41800000
42080000
41c80000
42240000
42000000
423c0000
428c0000
40800000
42740000
42600000
41980000
40800000
40000000
40800000
40a00000
41f80000
41200000
41600000
41400000
40e00000
41c80000
41c00000
41880000
41b00000
41f80000
41d00000
42780000
42fe0000
42da0000
41c80000
42920000
42080000
41900000
41500000
41c80000
41900000
42240000
421c0000
42540000
423c0000
425c0000
42140000
41b80000
41800000
40c00000
40c00000
41400000
41700000
40000000
40800000
41700000
41500000
41700000
42040000
41000000
41d80000
40a00000
40e00000
40e00000
41f80000
42180000
42440000
42080000
42880000
425c0000
42240000
421c0000
40c00000
00000000
41600000
40000000
3f800000
41600000
40a00000
41000000
41200000
41980000
41d00000
41880000
41000000
42a80000
42840000
42b80000
42f00000
41d80000
42600000
42800000
40400000
40800000
41a00000
41700000
41880000
41500000
42100000
421c0000
42440000
41a80000
42680000
41800000
40800000
41c80000
42100000
41500000
41b00000
40800000
41900000
40400000
42400000
41700000
41500000
41100000
41a80000
40400000
3f800000
40c00000
426c0000
41880000
42640000
42280000
420c0000
42880000
423c0000
42480000
00000000
40c00000
3f800000
40a00000
00000000
41500000
41200000
40e00000
40e00000
42240000
41b00000
41880000
426c0000
41100000
42ce0000
42e20000
43330000
41a80000
42740000
429a0000
41400000
41800000
41400000
41400000
42340000
42100000
41500000
42480000
427c0000
41880000
42740000
41200000
40e00000
41c00000
41880000
41100000
41000000
3f800000
40c00000
00000000
41f00000
40800000
41400000
41900000
41700000
40a00000
40800000
41700000
42180000
40400000
428c0000
427c0000
424c0000
42840000
42700000
42300000
40a00000
41400000
3f800000
40800000
40e00000
41400000
00000000
00000000
41e80000
40000000
41880000
41a80000
42180000
42100000
42c20000
42f40000
42000000
42640000
42860000
42680000
41d80000
40400000
41c00000
41700000
423c0000
40000000
40a00000
40e00000
41e80000
3f800000
41500000
40000000
41800000
41a80000
41e00000
41c80000
41900000
41800000
3f800000
3f800000
40000000
41200000
40800000
41f00000
42c40000
42b00000
42820000
42800000
42900000
42b20000
42940000
42ca0000
42c20000
42cc0000
42980000
41c00000
41600000
41200000
00000000
00000000
40e00000
41880000
40800000
41300000
41600000
41200000
41500000
41300000
41700000
42740000
42680000
430d0000
41b00000
42780000
42920000
42340000
41a80000
41000000
3f800000
41a80000
42820000
40000000
40000000
41d00000
41b00000
42100000
40800000
41400000
41a00000
41b00000
41500000
41400000
41600000
41980000
41400000
41100000
00000000
41000000
41400000
42280000
421c0000
42080000
41f00000
42c80000
41880000
41a00000
40e00000
42a60000
42680000
426c0000
42280000
40a00000
40e00000
40000000
41300000
40400000
3f800000
41400000
41300000
41000000
40800000
41400000
41200000
41700000
41000000
42500000
41f00000
41600000
42200000
425c0000
42a40000
42080000
41d00000
41980000
41400000
42040000
40c00000
41000000
41200000
41b00000
41c80000
41880000
40400000
40e00000
41500000
41b00000
42100000
41200000
41200000
40e00000
41980000
41a00000
40a00000
41300000
41700000
42140000
41b00000
41e80000
40a00000
41c00000
40000000
3f800000
42ae0000
42a20000
42600000
42480000
42000000
421c0000
41200000
40e00000
40a00000
40000000
40a00000
40a00000
41d80000
41400000
41900000
41a00000
40a00000
40a00000
41500000
41d00000
41300000
41600000
426c0000
42820000
42000000
41980000
41d00000
40400000
41700000
40e00000
40800000
40400000
00000000
40400000
41000000
40800000
41d00000
41880000
41100000
420c0000
420c0000
42240000
3f800000
3f800000
41200000
42100000
420c0000
41200000
41200000
41a80000
42200000
41400000
3f800000
3f800000
40400000
40800000
41a80000
40400000
41d00000
42440000
42000000
42100000
41880000
40a00000
40400000
40a00000
40a00000
00000000
41b80000
00000000
40c00000
41200000
40a00000
40400000
40c00000
42440000
41800000
42180000
42300000
42800000
41600000
41e80000
41880000
41000000
40400000
41700000
40a00000
40e00000
40400000
00000000
41000000
40000000
40a00000
40a00000
41a80000
42040000
41400000
41100000
40e00000
40a00000
40c00000
41700000
41f00000
41100000
42140000
427c0000
42300000
41a80000
40400000
40a00000
00000000
00000000
40800000
00000000
40a00000
42080000
420c0000
42080000
41980000
40a00000
40e00000
40a00000
00000000
41900000
40e00000
40800000
40e00000
40c00000
40a00000
40800000
40800000
42100000
41500000
42740000
42740000
42500000
41000000
41880000
41500000
40400000
00000000
40000000
41700000
41980000
41880000
40a00000
41000000
00000000
41900000
423c0000
41f00000
41100000
40a00000
41000000
40800000
41300000
41400000
40000000
41c80000
40e00000
42680000
40c00000
42600000
40000000
40400000
40400000
40a00000
41000000
40400000
40400000
41a80000
420c0000
41f80000
42140000
41e80000
40e00000
40000000
40800000
40800000
40e00000
40000000
40800000
41300000
41c80000
40400000
41100000
40a00000
41800000
42000000
42140000
42840000
41980000
42240000
42100000
41600000
40800000
40000000
00000000
40e00000
42400000
40e00000
41100000
00000000
40c00000
41a80000
41e00000
41900000
40c00000
40800000
41980000
41a00000
41400000
41d00000
41c00000
41b00000
40000000
42480000
42400000
42800000
41700000
40000000
40000000
40000000
40a00000
00000000
40000000
41500000
41d80000
41f80000
42040000
42040000
00000000
41300000
40400000
41000000
41200000
40e00000
41300000
41a00000
41d00000
40800000
41200000
40e00000
41300000
42600000
426c0000
422c0000
426c0000
42140000
42100000
41200000
41100000
40a00000
41400000
41200000
40400000
40e00000
41700000
40400000
40000000
41b00000
41d80000
40800000
41400000
41300000
40800000
41b80000
40a00000
41d00000
41500000
42240000
41c00000
41f80000
42100000
41d80000
41f80000
3f800000
41200000
40000000
40c00000
41100000
41b80000
41980000
42340000
42280000
42140000
41e00000
40000000
40400000
40e00000
3f800000
40800000
41200000
3f800000
41f80000
41200000
40400000
41200000
41500000
42300000
42100000
42600000
42400000
42ae0000
42580000
42300000
40800000
41a00000
00000000
41100000
41200000
41100000
41600000
40000000
40400000
40000000
41000000
41400000
40000000
41100000
41300000
40a00000
41f80000
41100000
420c0000
41800000
41800000
42440000
40000000
41300000
41900000
42000000
40a00000
00000000
3f800000
41d00000
00000000
41800000
41d00000
42300000
41d00000
42300000
42100000
00000000
40000000
40c00000
3f800000
41a80000
41300000
40400000
42700000
41000000
40400000
41100000
41880000
42440000
42540000
42040000
42300000
429c0000
42200000
421c0000
40e00000
41300000
3f800000
41700000
40400000
41000000
41f80000
42380000
40000000
3f800000
40000000
41800000
41400000
41c00000
41880000
420c0000
42240000
41000000
423c0000
42180000
41900000
41700000
41980000
41300000
41700000
40800000
41200000
3f800000
41500000
42100000
40c00000
41e00000
42040000
41e80000
41c00000
41d80000
41e00000
40400000
40400000
40400000
40800000
40400000
3f800000
41600000
41700000
41880000
40e00000
41400000
42300000
42140000
42380000
421c0000
41980000
42240000
41a00000
42080000
41200000
40800000
41200000
41a80000
40e00000
41700000
40000000
42380000
41000000
41700000
40000000
40a00000
41100000
41000000
40400000
41900000
41a00000
41500000
41d00000
41e00000
40800000
41500000
420c0000
41700000
40a00000
41f80000
41b80000
41880000
42340000
42240000
421c0000
42180000
42400000
421c0000
42280000
42240000
41f00000
41300000
41300000
40a00000
40800000
41600000
41a00000
41900000
40400000
41100000
41200000
41500000
42600000
42400000
41d00000
41f80000
41a00000
40800000
40800000
40400000
40800000
40a00000
41100000
40400000
3f800000
41a00000
42340000
41900000
41300000
40a00000
41500000
40e00000
41500000
40e00000
41000000
41500000
40e00000
40c00000
41300000
40a00000
40000000
41200000
42280000
41700000
41500000
41600000
41880000
41700000
42100000
42140000
42280000
422c0000
42300000
420c0000
42080000
42240000
42180000
41200000
41600000
41000000
41a00000
40e00000
41880000
40e00000
41b00000
3f800000
40e00000
42000000
420c0000
42100000
41600000
41600000
420c0000
41100000
40a00000
3f800000
40a00000
41000000
40e00000
40c00000
40400000
00000000
41100000
41200000
40400000
41c80000
40000000
41200000
41200000
42540000
41980000
41300000
40c00000
41200000
41200000
40400000
00000000
41880000
41200000
41f00000
41600000
41880000
41900000
42140000
41a00000
42100000
42200000
42140000
422c0000
42380000
42040000
41e80000
42740000
41400000
41200000
40e00000
41980000
00000000
40800000
41000000
41600000
40c00000
41300000
42240000
42200000
41d00000
42040000
42860000
41800000
41b00000
41600000
40c00000
00000000
40c00000
40000000
41100000
41000000
40c00000
41a80000
41700000
41800000
40a00000
00000000
40e00000
40000000
421c0000
40e00000
41100000
40000000
40e00000
40c00000
40400000
40a00000
40a00000
41980000
41500000
41b80000
42100000
41f00000
41b80000
41880000
41f00000
42000000
42040000
42240000
42040000
41880000
41200000
423c0000
00000000
40a00000
40a00000
41700000
41c00000
00000000
41880000
42000000
41500000
41c00000
41700000
42080000
41980000
41e80000
42840000
41e00000
41500000
41000000
00000000
40000000
40c00000
41980000
41600000
40400000
40800000
41300000
41a00000
41100000
41880000
40800000
41000000
41000000
42080000
41000000
3f800000
3f800000
41000000
41200000
40400000
00000000
41000000
41980000
41600000
421c0000
42000000
42200000
42100000
41e00000
41f80000
41e00000
42080000
42280000
42140000
41400000
42340000
42180000
40a00000
00000000
40400000
41200000
41500000
40e00000
42180000
40400000
41100000
41f00000
41300000
00000000
41d80000
42140000
42440000
41d80000
41880000
40a00000
40c00000
40a00000
40c00000
3f800000
3f800000
3f800000
41500000
41700000
41600000
41980000
40000000
40400000
41100000
40c00000
40400000
41300000
41900000
41300000
3f800000
00000000
41100000
3f800000
41300000
41600000
3f800000
41a00000
41800000
42080000
42300000
41f80000
41e00000
41e80000
41f00000
41f80000
41500000
41700000
41e00000
42300000
40a00000
3f800000
40400000
40c00000
41100000
41700000
41100000
41400000
42040000
40c00000
40a00000
3f800000
41b80000
42000000
42100000
41900000
41b00000
40000000
41b00000
40a00000
00000000
40000000
40a00000
41400000
41200000
41c80000
41c80000
41980000
42300000
40e00000
41400000
41500000
40000000
40e00000
40800000
40a00000
40800000
00000000
40400000
40400000
41d00000
42140000
41000000
40400000
40e00000
41d00000
42200000
41f00000
42000000
41e80000
41f80000
41980000
41300000
41980000
41300000
42340000
41d00000
40e00000
40a00000
40a00000
40800000
41700000
40e00000
41500000
41e80000
42040000
40000000
00000000
41800000
41b00000
42100000
41800000
41980000
41500000
40400000
40e00000
41400000
41600000
41500000
40800000
41200000
41c00000
41c80000
40a00000
41700000
40e00000
41e00000
42000000
40c00000
40400000
41100000
3f800000
41400000
41100000
41100000
40a00000
41a80000
42ca0000
41f80000
40000000
40800000
41100000
42080000
41f80000
41e80000
420c0000
42180000
41200000
42040000
41800000
41400000
42300000
3f800000
3f800000
40800000
41100000
40800000
41200000
41980000
42180000
40e00000
40c00000
40000000
41900000
41500000
41c00000
41c00000
40400000
41400000
41500000
41400000
40a00000
3f800000
3f800000
3f800000
40800000
40a00000
41300000
41600000
41100000
41500000
41900000
41300000
40e00000
41500000
40e00000
3f800000
40c00000
41c80000
41300000
40000000
40800000
40800000
42740000
41c00000
40e00000
40e00000
41800000
41e80000
41b00000
41a80000
41700000
41a80000
41000000
41980000
41100000
41b80000
42860000
00000000
42500000
41300000
40400000
40a00000
41000000
40800000
41900000
41300000
40a00000
3f800000
41a00000
41880000
41f00000
41880000
40e00000
42080000
41200000
40000000
40a00000
41500000
40800000
41800000
41600000
40c00000
41200000
00000000
40400000
41700000
41300000
41a00000
00000000
3f800000
40800000
40c00000
40c00000
41200000
41200000
40c00000
00000000
40400000
41f00000
42600000
00000000
40a00000
41f80000
41a80000
41b80000
41a00000
41300000
40c00000
41880000
40e00000
41b80000
41980000
42840000
41000000
41800000
41200000
41000000
00000000
41b00000
41400000
40000000
40400000
41e00000
41000000
3f800000
41c00000
41800000
41300000
41500000
41800000
41980000
40000000
40000000
40a00000
00000000
40400000
41a00000
41b80000
40400000
40c00000
3f800000
40a00000
41500000
420c0000
41000000
00000000
41100000
41300000
40a00000
41200000
41880000
41600000
41000000
3f800000
40c00000
41000000
40a00000
429a0000
41400000
00000000
41200000
41600000
40a00000
40c00000
42140000
41b80000
42100000
41b00000
421c0000
40a00000
00000000
3f800000
41000000
00000000
40400000
41200000
41d00000
3f800000
40400000
41400000
41b80000
41a80000
40e00000
00000000
3f800000
41700000
40000000
00000000
41400000
40400000
40a00000
41600000
40800000
40800000
00000000
40800000
41600000
41400000
00000000
40000000
40000000
40400000
40000000
40400000
00000000
40000000
41100000
41700000
3f800000
00000000
41200000
41100000
40c00000
41f00000
41600000
40a00000
40000000
40a00000
41900000
41600000
41f00000
41d80000
41700000
42180000
40800000
40000000
40400000
3f800000
40000000
00000000
40000000
40c00000
42000000
41e00000
40800000
3f800000
40400000
41f00000
3f800000
3f800000
40800000
40a00000
3f800000
41a00000
41100000
40e00000
41800000
40000000
40800000
40a00000
41d80000
40400000
41100000
41e00000
40400000
40c00000
40a00000
3f800000
40400000
00000000
41800000
41300000
00000000
40000000
41400000
3f800000
42380000
00000000
41100000
40800000
00000000
42200000
00000000
40e00000
41880000
41800000
42280000
41f80000
41700000
41a80000
40e00000
3f800000
40800000
00000000
3f800000
3f800000
40e00000
41300000
40c00000
3f800000
40c00000
41000000
41900000
40400000
41700000
3f800000
41700000
41800000
40800000
41e00000
40000000
41300000
41b00000
00000000
40a00000
41e00000
40800000
00000000
40800000
00000000
40000000
3f800000
3f800000
41200000
40800000
40e00000
41400000
40800000
3f800000
422c0000
42340000
41800000
40e00000
3f800000
41500000
41d00000
40e00000
40400000
41400000
40c00000
42000000
42200000
41b80000
42280000
42000000
41800000
41500000
41400000
40400000
40a00000
41980000
40c00000
3f800000
40000000
40000000
40a00000
41800000
41b80000
42280000
3f800000
40a00000
40c00000
41600000
41000000
3f800000
40c00000
41300000
00000000
41a80000
40800000
41000000
40e00000
00000000
41980000
40a00000
00000000
40e00000
40e00000
00000000
3f800000
41600000
41e80000
40c00000
41500000
40400000
41c00000
40400000
41a00000
41b80000
42080000
3f800000
40a00000
3f800000
3f800000
40c00000
40a00000
41f00000
421c0000
41200000
41c00000
41c80000
41800000
3f800000
40000000
40a00000
40800000
40000000
40800000
40400000
40800000
40800000
41a80000
420c0000
41a00000
41300000
40800000
40000000
40800000
3f800000
40000000
41300000
41200000
40400000
40c00000
41d80000
41100000
41000000
40000000
41700000
41d00000
40c00000
00000000
3f800000
41200000
40e00000
41300000
41300000
41900000
40c00000
40400000
41400000
41000000
40800000
427c0000
42b80000
42200000
41800000
40c00000
41300000
41300000
40c00000
40e00000
41d80000
41e00000
41000000
40c00000
41200000
41200000
41100000
40e00000
40a00000
41000000
41000000
40000000
40800000
3f800000
00000000
41500000
40000000
41500000
00000000
40a00000
40800000
40c00000
40800000
40400000
40e00000
41200000
40e00000
40800000
41e80000
00000000
40c00000
40c00000
3f800000
41200000
41500000
40e00000
41880000
40800000
41100000
40400000
41400000
41800000
40c00000
42100000
41500000
41400000
41d80000
42980000
42040000
40000000
41200000
40000000
41700000
40a00000
40c00000
41100000
41700000
41b00000
40e00000
40000000
41a80000
41c00000
3f800000
40400000
40a00000
41200000
40000000
00000000
40a00000
00000000
40400000
41200000
40800000
41700000
3f800000
41980000
40a00000
40000000
41700000
40400000
41300000
41000000
40400000
40c00000
3f800000
00000000
40c00000
41200000
41500000
420c0000
41900000
41a80000
40e00000
3f800000
40800000
40800000
40400000
41a80000
41600000
41500000
40c00000
41b00000
3f800000
40c00000
40000000
42960000
41900000
40000000
40e00000
41200000
3f800000
40800000
41500000
41700000
40c00000
40400000
41400000
41500000
40400000
41600000
3f800000
3f800000
40c00000
40800000
41000000
40400000
41800000
40c00000
40800000
40a00000
40800000
41900000
41200000
40800000
42180000
40a00000
40a00000
40000000
40c00000
40800000
41000000
40400000
41400000
41000000
41a80000
41e00000
429e0000
41700000
41a80000
40800000
41400000
41800000
40c00000
40800000
40800000
40e00000
41200000
41200000
40c00000
41000000
40a00000
40000000
40400000
41000000
40e00000
40e00000
40400000
00000000
41700000
40400000
40400000
41500000
41200000
41300000
40400000
3f800000
40800000
40800000
40400000
3f800000
40c00000
41000000
3f800000
40e00000
40c00000
40800000
00000000
41d00000
40c00000
41200000
40c00000
00000000
41a80000
41800000
00000000
40000000
41c00000
41200000
00000000
41300000
41980000
42080000
42280000
40400000
41880000
41200000
42400000
00000000
40400000
42200000
3f800000
40800000
42100000
40000000
41100000
42a00000
41d00000
427c0000
40c00000
3f800000
3f800000
40800000
40400000
40e00000
00000000
41000000
40e00000
42340000
40000000
00000000
00000000
00000000
41700000
00000000
40000000
3f800000
40000000
41100000
41600000
41400000
41200000
40000000
00000000
41900000
40400000
40000000
3f800000
41500000
40c00000
40400000
40c00000
40c00000
40a00000
41600000
40c00000
40a00000
40a00000
41d80000
428e0000
00000000
41300000
3f800000
41800000
41c80000
41980000
40800000
3f800000
40400000
40e00000
42c20000
40000000
41500000
41500000
41800000
40400000
41400000
00000000
40000000
41800000
42440000
41c00000
40c00000
41000000
3f800000
40400000
40000000
41000000
40e00000
40c00000
40000000
41880000
40000000
40000000
40800000
41700000
41400000
41200000
40c00000
40000000
40400000
00000000
40000000
00000000
41e00000
40000000
40800000
40e00000
40000000
40e00000
41300000
41900000
42000000
41600000
40000000
428a0000
40800000
3f800000
41200000
41200000
41300000
40400000
00000000
00000000
3f800000
40c00000
41980000
41980000
42640000
40800000
40400000
40c00000
40c00000
41100000
40a00000
40e00000
40c00000
00000000
40800000
40000000
40a00000
40a00000
40400000
40400000
41100000
41600000
40e00000
40400000
40c00000
40c00000
40c00000
41700000
41a00000
40800000
40a00000
40000000
41800000
40800000
42640000
40800000
40c00000
40000000
41200000
40000000
41300000
41000000
41900000
41600000
41d80000
41100000
42400000
41b80000
41000000
41000000
41300000
40a00000
40000000
41400000
3f800000
41500000
41300000
41400000
40e00000
41c80000
41100000
41600000
41700000
41900000
40a00000
40c00000
40000000
41300000
40000000
40400000
41000000
40a00000
40400000
40800000
40000000
42040000
41a00000
41000000
42140000
00000000
41000000
41200000
40c00000
41600000
41300000
41000000
40000000
41b80000
41600000
3f800000
41200000
41980000
3f800000
41200000
40a00000
41b00000
41200000
40a00000
41300000
40a00000
41980000
41400000
41980000
42580000
3f800000
00000000
41300000
40000000
40c00000
40000000
40800000
40e00000
40800000
41f80000
40e00000
40c00000
40c00000
41100000
41600000
40800000
41700000
40800000
40400000
40800000
40400000
41400000
40400000
41d80000
40800000
41200000
40000000
41200000
3f800000
41e00000
41b80000
41400000
40000000
40800000
41300000
40e00000
40800000
41400000
41b00000
41c80000
41800000
42040000
41300000
40800000
40000000
40e00000
3f800000
3f800000
41300000
40a00000
41000000
41900000
40a00000
40000000
41400000
42200000
41980000
41500000
41d80000
41c80000
40e00000
40000000
00000000
00000000
41000000
41800000
41000000
40000000
40c00000
41000000
40800000
41500000
40a00000
40400000
40c00000
40800000
40000000
40800000
40a00000
41100000
41000000
40800000
40800000
41b00000
3f800000
3f800000
41200000
00000000
40000000
40400000
41100000
41900000
40e00000
41000000
3f800000
41200000
40c00000
41100000
41400000
00000000
3f800000
00000000
40400000
41000000
41500000
41300000
40a00000
41700000
42280000
42280000
41600000
42440000
40c00000
422c0000
42540000
41e80000
41500000
40800000
3f800000
40400000
40e00000
41700000
40400000
40a00000
41500000
40000000
3f800000
40e00000
40400000
40e00000
40000000
40a00000
40e00000
3f800000
40a00000
40800000
40800000
42040000
40000000
41d80000
00000000
00000000
3f800000
3f800000
40400000
41300000
40800000
40400000
3f800000
3f800000
40c00000
40e00000
41200000
41000000
40800000
40800000
3f800000
40a00000
40800000
00000000
40e00000
00000000
00000000
41200000
41000000
41600000
41980000
41500000
40000000
41700000
42140000
42340000
40400000
40c00000
41800000
41500000
41900000
41400000
41100000
40e00000
40e00000
40400000
41d00000
40000000
40800000
41600000
40000000
40400000
41200000
40000000
41b80000
40400000
40a00000
3f800000
41200000
41400000
40000000
3f800000
3f800000
41100000
41f00000
41900000
40000000
41000000
40400000
41400000
42180000
41000000
41900000
00000000
40800000
41600000
00000000
00000000
00000000
40400000
41000000
40c00000
40c00000
40800000
40800000
41100000
41000000
42100000
41100000
40800000
41000000
40a00000
42600000
41b00000
40400000
41200000
41d00000
41200000
40000000
41200000
40a00000
41500000
41600000
41500000
41880000
41600000
40400000
3f800000
40000000
40800000
41200000
40e00000
3f800000
41b00000
40800000
41900000
41400000
3f800000
3f800000
40400000
40c00000
429a0000
40a00000
40400000
40a00000
40800000
41100000
41100000
41800000
41400000
40000000
3f800000
40400000
00000000
40a00000
3f800000
40000000
41400000
41400000
41600000
40800000
40800000
40c00000
420c0000
3f800000
3f800000
41880000
41b00000
40800000
41300000
42740000
41d00000
40000000
41300000
40000000
3f800000
41400000
41300000
40000000
41000000
40800000
00000000
3f800000
40800000
41700000
41500000
40800000
3f800000
40800000
40800000
41200000
41900000
40e00000
41100000
40800000
40800000
40000000
00000000
40000000
41000000
3f800000
41900000
40400000
00000000
41100000
41100000
40400000
40800000
40a00000
40a00000
3f800000
3f800000
40400000
41300000
41700000
42000000
41e00000
42300000
40400000
41300000
40400000
3f800000
41400000
41400000
40400000
41600000
420c0000
3f800000
41c00000
40a00000
40a00000
41000000
00000000
40800000
41300000
40a00000
40000000
3f800000
3f800000
00000000
3f800000
40a00000
40c00000
40400000
41d00000
40400000
3f800000
41600000
41800000
41100000
40800000
3f800000
40000000
40800000
41000000
3f800000
40e00000
41100000
40800000
41200000
3f800000
40c00000
40000000
41600000
3f800000
40000000
3f800000
40a00000
41200000
41100000
42140000
41c00000
41700000
421c0000
40800000
40400000
00000000
41100000
41700000
41000000
40800000
41100000
41c80000
41880000
40400000
41200000
00000000
41000000
40000000
40400000
40800000
41300000
40800000
00000000
3f800000
40c00000
40000000
40000000
40000000
40400000
41400000
41400000
40000000
40a00000
41700000
41600000
40000000
3f800000
40400000
40c00000
41400000
3f800000
41000000
40800000
40400000
3f800000
40e00000
41880000
40800000
40400000
40400000
3f800000
3f800000
41100000
41880000
41200000
40800000
41800000
41a00000
42680000
41d00000
00000000
00000000
40a00000
40e00000
41500000
40000000
41300000
42300000
40000000
40e00000
41200000
40c00000
42080000
41100000
41100000
40a00000
41100000
40a00000
40400000
40800000
40800000
40400000
41000000
40800000
40800000
40a00000
40400000
40800000
422c0000
41900000
41700000
40a00000
41000000
40a00000
40400000
41000000
41400000
3f800000
40400000
40400000
40a00000
3f800000
40400000
40000000
41200000
40a00000
40400000
00000000
40800000
41800000
429e0000
41e00000
41880000
41200000
41300000
40800000
40c00000
41000000
00000000
41700000
40000000
41300000
40400000
40c00000
3f800000
41f00000
41200000
41300000
40400000
40800000
3f800000
41a80000
41600000
41e80000
40a00000
3f800000
40800000
00000000
40000000
40000000
41100000
40800000
40000000
00000000
41700000
41100000
41200000
42000000
40e00000
3f800000
41c00000
41d80000
41500000
41700000
41400000
40000000
00000000
40800000
40800000
40800000
40a00000
40000000
3f800000
40a00000
40000000
41300000
423c0000
00000000
41500000
41500000
40e00000
40800000
3f800000
00000000
41100000
3f800000
00000000
40c00000
3f800000
3f800000
40400000
00000000
40000000
41b00000
41880000
00000000
42480000
3f800000
41000000
41300000
41400000
3f800000
3f800000
40400000
40400000
41c00000
40800000
3f800000
40400000
40a00000
42040000
41500000
41880000
41300000
00000000
41600000
41880000
41400000
40000000
00000000
40c00000
3f800000
3f800000
40800000
00000000
40800000
40a00000
40400000
00000000
41980000
41100000
41200000
41a80000
41200000
41500000
40a00000
00000000
40000000
00000000
3f800000
40800000
3f800000
40e00000
00000000
00000000
3f800000
40000000
40e00000
3f800000
41400000
41c00000
40400000
40c00000
40800000
41700000
41a00000
41200000
41600000
41700000
3f800000
00000000
40800000
40a00000
3f800000
00000000
41000000
428c0000
41b80000
40800000
41b00000
41900000
00000000
41a80000
41600000
41600000
41200000
41200000
40400000
3f800000
3f800000
40400000
3f800000
41800000
42040000
42400000
427c0000
428e0000
42a80000
42940000
42a40000
42280000
429c0000
41880000
42b60000
41c80000
40c00000
40a00000
40400000
40000000
3f800000
40a00000
40c00000
41a80000
40400000
41500000
40c00000
40800000
40000000
41200000
41980000
41a80000
41a00000
41a00000
41b00000
41500000
40a00000
40800000
40000000
40c00000
00000000
41400000
41a80000
428c0000
41d00000
40e00000
41700000
41700000
40e00000
41400000
40c00000
41300000
41b80000
41100000
41100000
40800000
40000000
42400000
41f80000
429c0000
429e0000
42980000
429e0000
42a00000
42960000
429e0000
429e0000
420c0000
428e0000
42b00000
42ae0000
42c40000
42b80000
42580000
40a00000
40c00000
40800000
41000000
40e00000
40a00000
41000000
40a00000
41100000
41500000
41f80000
00000000
41100000
41800000
41980000
41c00000
41a00000
41100000
41000000
40000000
41100000
3f800000
3f800000
3f800000
00000000
41b00000
42be0000
41800000
41700000
41d80000
41000000
41f00000
40000000
40400000
41200000
40400000
41500000
42380000
42140000
42980000
42700000
42820000
42500000
42780000
42780000
428c0000
42860000
42820000
428e0000
42240000
42100000
429a0000
42b60000
42c80000
42d40000
42ba0000
42a40000
42960000
41400000
42240000
40400000
40c00000
40400000
41400000
41d00000
40a00000
41600000
41700000
41100000
41b00000
41500000
41700000
41700000
40e00000
40800000
41900000
41980000
41100000
40800000
41100000
3f800000
420c0000
41d80000
42640000
41600000
41980000
41900000
00000000
40000000
41600000
41000000
42200000
42780000
42500000
42480000
42540000
428c0000
429a0000
42980000
42920000
41d80000
428e0000
426c0000
426c0000
42740000
42300000
42280000
42a80000
42c00000
42c60000
42cc0000
42d60000
429e0000
429c0000
42a80000
420c0000
40400000
40c00000
40800000
40c00000
40800000
40400000
00000000
40800000
41500000
40400000
41000000
41300000
41800000
41100000
40a00000
41b80000
41b80000
40000000
00000000
41300000
40000000
42040000
42180000
42080000
41980000
41100000
41900000
40c00000
00000000
41e00000
41800000
41400000
42380000
42100000
42340000
42340000
42200000
41d80000
41700000
424c0000
40a00000
40000000
3f800000
40a00000
40400000
40400000
41600000
41700000
420c0000
42d20000
42c80000
42ce0000
42a80000
429a0000
42640000
42340000
423c0000
40400000
41100000
40400000
3f800000
40400000
41200000
41980000
41a80000
41100000
40a00000
40400000
41300000
40c00000
3f800000
40800000
41200000
40a00000
40a00000
41200000
41100000
42640000
41900000
41600000
41e80000
40c00000
41900000
40800000
41e80000
00000000
40e00000
40000000
41000000
40e00000
41000000
40a00000
40400000
40000000
3f800000
41980000
40800000
40c00000
41d00000
41400000
41500000
3f800000
41980000
3f800000
40000000
40a00000
00000000
41c00000
42940000
42740000
421c0000
42240000
423c0000
421c0000
40e00000
40c00000
40400000
40c00000
3f800000
3f800000
41d00000
41500000
40e00000
41100000
41b80000
40a00000
40000000
40400000
41a00000
40800000
40a00000
40c00000
42000000
