40800000
40400000
40800000
40800000
40e00000
41200000
40e00000
40e00000
40c00000
40e00000
40e00000
40e00000
40e00000
41000000
41000000
40e00000
41000000
40e00000
41000000
40c00000
40e00000
40e00000
41000000
41000000
41200000
41300000
41000000
41000000
40e00000
41200000
41200000
41100000
41000000
41000000
40e00000
41000000
41100000
41000000
41000000
41200000
41200000
41300000
41100000
41100000
40e00000
41100000
41200000
41100000
41200000
40c00000
41100000
41100000
40e00000
41000000
40c00000
40e00000
40000000
40400000
40800000
40a00000
40c00000
40e00000
40a00000
40a00000
40c00000
40e00000
40e00000
41000000
41100000
40e00000
40e00000
40e00000
40c00000
40e00000
40e00000
41000000
40c00000
40c00000
40a00000
40e00000
40e00000
41100000
41100000
41000000
41000000
41200000
41100000
41100000
41100000
41000000
41100000
41100000
41100000
41000000
41100000
41200000
41200000
41200000
41300000
41300000
41100000
41000000
41100000
41000000
41100000
41100000
40e00000
40e00000
41000000
41000000
41000000
41100000
40400000
40800000
40e00000
40400000
40000000
40800000
40000000
40c00000
40a00000
41100000
40e00000
40e00000
40e00000
41000000
41100000
40e00000
41000000
40e00000
40e00000
40e00000
40c00000
40c00000
41100000
40e00000
40e00000
41000000
41100000
41100000
41200000
41200000
41000000
41100000
41100000
41100000
41100000
41100000
41000000
41200000
41100000
41100000
41200000
40e00000
41000000
41300000
41000000
41000000
40e00000
41100000
41200000
41100000
40c00000
41000000
41200000
41000000
41200000
41100000
41600000
00000000
41b00000
3f800000
3f800000
3f800000
40000000
40a00000
40c00000
40e00000
41000000
41000000
41000000
40e00000
41000000
40e00000
41000000
41100000
41000000
40e00000
40e00000
40c00000
40a00000
40e00000
41000000
41000000
41400000
41200000
41100000
41100000
41000000
41000000
41100000
41200000
41100000
41100000
41200000
41200000
41200000
41000000
41200000
41200000
41200000
41200000
41200000
41400000
41200000
41000000
41300000
41000000
41200000
41100000
41000000
40e00000
40c00000
41000000
40000000
40c00000
40a00000
00000000
00000000
3f800000
3f800000
40400000
40c00000
40c00000
40c00000
40a00000
40a00000
40e00000
41000000
40a00000
40e00000
40e00000
41000000
41000000
41000000
40e00000
41000000
41000000
40e00000
40c00000
41400000
41200000
41000000
41000000
41100000
41200000
41100000
41300000
41100000
41100000
41200000
41300000
41100000
41200000
41300000
41100000
41300000
40e00000
41100000
40e00000
41100000
41000000
40e00000
41100000
40e00000
40e00000
41000000
41000000
41000000
40e00000
40400000
41300000
41100000
00000000
00000000
00000000
40000000
40400000
40800000
40a00000
40c00000
40e00000
40c00000
40a00000
40e00000
40e00000
40c00000
40c00000
40e00000
41000000
41100000
41000000
40c00000
40e00000
40e00000
40e00000
41000000
41300000
41300000
41300000
41300000
41000000
41200000
41200000
41200000
41200000
41200000
41200000
41100000
41100000
41100000
41300000
41100000
40e00000
40c00000
41000000
40c00000
41100000
40e00000
40c00000
41200000
41100000
40e00000
41100000
40c00000
40c00000
00000000
3f800000
40000000
00000000
00000000
3f800000
3f800000
40400000
40400000
40400000
40a00000
40800000
40c00000
40800000
40a00000
40a00000
40a00000
40c00000
40e00000
40e00000
41200000
41000000
41100000
41200000
41100000
41100000
40e00000
41400000
41200000
41400000
41000000
41200000
41300000
41000000
41100000
41200000
41200000
41100000
41200000
41400000
41200000
40e00000
41000000
41100000
41100000
41200000
41000000
41200000
41000000
40c00000
40800000
41200000
41000000
41000000
41000000
41000000
00000000
3f800000
3f800000
40400000
00000000
00000000
00000000
40000000
40800000
40a00000
40a00000
40400000
40a00000
40a00000
40e00000
40800000
40c00000
40a00000
40e00000
41000000
41000000
41100000
40c00000
41200000
41100000
41200000
40e00000
41300000
41400000
41400000
41400000
41400000
41300000
41100000
41000000
41300000
41400000
41000000
41000000
41300000
41200000
41000000
41100000
41200000
41200000
41000000
41000000
41100000
40e00000
41000000
40e00000
41100000
41200000
41200000
41200000
41000000
40000000
00000000
3f800000
00000000
00000000
00000000
3f800000
40400000
40000000
40400000
40400000
40800000
40400000
40400000
40a00000
40400000
40a00000
40a00000
40a00000
40a00000
40e00000
41200000
41300000
41200000
41300000
41000000
41300000
41400000
41100000
41300000
41300000
41200000
41500000
41100000
41200000
41300000
40e00000
41400000
41300000
41500000
41300000
41000000
41200000
41000000
41300000
41300000
41000000
41200000
41000000
41000000
41300000
40e00000
41100000
41400000
41200000
41100000
3f800000
00000000
40400000
40c00000
00000000
40000000
40000000
3f800000
40400000
40400000
40000000
40000000
40800000
40800000
40800000
40c00000
40800000
40a00000
40e00000
41000000
41000000
41300000
41200000
41300000
41300000
41100000
41400000
41700000
41400000
41300000
41400000
41400000
41500000
41300000
41300000
41200000
41300000
41200000
41400000
41300000
41200000
41300000
41200000
41000000
41100000
41400000
41200000
41400000
41100000
41300000
41400000
41100000
40e00000
41100000
41400000
41300000
00000000
40000000
00000000
40800000
00000000
40e00000
3f800000
3f800000
00000000
40400000
3f800000
40000000
40400000
40800000
40800000
40800000
40a00000
40c00000
41100000
41100000
41100000
41300000
41400000
41200000
41200000
41300000
41400000
41500000
41500000
41400000
41300000
41300000
41300000
41400000
41200000
41200000
41000000
41000000
41200000
41300000
41100000
41200000
41000000
41000000
41100000
41000000
41200000
41200000
41000000
41400000
41300000
41300000
41200000
41000000
41500000
41300000
40800000
40000000
00000000
41200000
00000000
428c0000
40000000
00000000
00000000
00000000
40000000
40a00000
00000000
41400000
40a00000
40a00000
40a00000
41000000
40e00000
41100000
41200000
41300000
41200000
41200000
41300000
41500000
41200000
41400000
41400000
41500000
41600000
41200000
41000000
41500000
40e00000
41700000
42880000
42200000
40a00000
41000000
41000000
41000000
41100000
41100000
41100000
41200000
41200000
41200000
41200000
41100000
41300000
41400000
41200000
41100000
41400000
41300000
3f800000
3f800000
40e00000
41300000
41600000
40000000
3f800000
40400000
3f800000
40000000
40a00000
40800000
40400000
40000000
40a00000
40e00000
40c00000
40e00000
41000000
41300000
41300000
41300000
41300000
41400000
41300000
41500000
41300000
41700000
41800000
41500000
41600000
41200000
43190000
42c00000
42f20000
41200000
41d80000
42080000
41b00000
42200000
41700000
41100000
41100000
41000000
41200000
41200000
41200000
41300000
41400000
41400000
41300000
41300000
41200000
41100000
41100000
41500000
00000000
00000000
40800000
41100000
42820000
41e80000
00000000
40a00000
40000000
40c00000
00000000
00000000
00000000
40400000
3f800000
40800000
40a00000
41000000
41100000
41200000
41200000
41300000
41400000
41400000
41400000
41300000
41400000
41700000
41600000
41500000
41400000
40c00000
41300000
40000000
41d80000
41700000
41f80000
40400000
41500000
425c0000
41200000
41100000
41300000
41000000
41200000
41300000
41300000
41400000
41300000
41200000
41400000
41300000
41200000
41400000
41000000
41600000
40400000
40400000
3f800000
41a80000
427c0000
00000000
40400000
3f800000
40000000
40400000
3f800000
40000000
40000000
00000000
40800000
40400000
40a00000
40800000
41200000
41000000
41300000
41200000
41100000
41400000
41400000
41400000
41200000
41300000
41500000
41700000
41700000
41400000
41500000
41300000
41000000
41a80000
41800000
41d00000
40400000
41400000
42200000
41200000
41200000
41200000
41200000
41200000
41300000
41400000
41400000
41300000
41600000
41300000
41300000
41300000
41100000
41500000
40000000
00000000
00000000
41000000
00000000
40800000
42a80000
40c00000
00000000
40a00000
00000000
00000000
40000000
40400000
00000000
40400000
3f800000
00000000
40800000
41300000
41200000
41200000
41100000
41400000
41400000
41300000
41400000
41400000
41300000
41400000
41600000
41400000
41500000
41200000
40400000
41a00000
00000000
41000000
40000000
3f800000
41800000
41500000
41000000
41100000
41200000
41100000
41300000
41400000
41400000
41400000
41600000
41400000
41300000
41400000
41100000
41600000
3f800000
40c00000
00000000
41400000
00000000
40a00000
40c00000
00000000
40a00000
00000000
3f800000
00000000
00000000
41000000
41800000
41600000
41c00000
42c40000
42be0000
423c0000
41400000
41300000
41100000
41300000
41400000
41500000
41300000
41400000
41400000
41300000
41200000
41300000
41100000
41000000
41300000
40c00000
40800000
41200000
3f800000
40c00000
00000000
41500000
40c00000
41300000
41400000
41200000
41500000
41100000
41400000
41500000
41400000
41500000
41400000
41300000
41300000
41300000
40000000
00000000
40c00000
00000000
00000000
3f800000
40000000
40000000
00000000
00000000
3f800000
40000000
40000000
40c00000
3f800000
41c80000
42900000
40800000
40000000
429e0000
41b00000
41200000
41200000
41100000
41300000
41200000
41400000
41400000
41400000
41400000
41300000
41100000
41000000
41000000
41600000
40400000
3f800000
41000000
40800000
41700000
41980000
42820000
42820000
40c00000
40c00000
426c0000
42700000
40e00000
41600000
41500000
41600000
41300000
41300000
41400000
41200000
41700000
40400000
00000000
3f800000
40a00000
41000000
40a00000
40800000
3f800000
00000000
3f800000
40000000
3f800000
40c00000
40000000
42040000
40e00000
41b80000
41880000
42680000
42de0000
430c0000
41b00000
41100000
41500000
41300000
41200000
41400000
41300000
41200000
41500000
41200000
41200000
41800000
42440000
40c00000
3f800000
00000000
41880000
41d80000
41900000
41300000
41400000
41800000
41f00000
41800000
41000000
41700000
41200000
41500000
41700000
41500000
41300000
41400000
41400000
41300000
41700000
41a80000
00000000
00000000
40a00000
3f800000
00000000
40000000
40400000
40800000
00000000
00000000
00000000
3f800000
40e00000
40400000
40000000
41400000
422c0000
42860000
42980000
42180000
42f80000
42140000
41500000
41500000
41600000
41300000
41300000
41400000
41200000
41400000
41200000
40a00000
42640000
40800000
40000000
40a00000
40a00000
40e00000
41300000
40800000
41e80000
41d00000
40400000
40400000
41400000
41000000
41500000
41500000
41600000
41400000
41500000
41500000
41400000
41600000
41600000
430b0000
43080000
40400000
40400000
00000000
40c00000
40800000
3f800000
3f800000
00000000
3f800000
3f800000
40000000
00000000
40400000
40000000
41300000
41800000
421c0000
42400000
00000000
40000000
42e00000
42480000
41500000
41400000
41500000
41400000
41300000
41200000
41300000
41000000
42400000
3f800000
3f800000
3f800000
00000000
3f800000
3f800000
40800000
41980000
421c0000
41f00000
42880000
41600000
41100000
41200000
41100000
41400000
41600000
41300000
41500000
41500000
41300000
41500000
41400000
430e0000
430b0000
43020000
40800000
3f800000
00000000
40400000
40000000
40000000
40000000
00000000
3f800000
40800000
40000000
00000000
41980000
00000000
41000000
3f800000
41a00000
40400000
40a00000
42380000
42fa0000
41c00000
41800000
40000000
41300000
41500000
41300000
41500000
41600000
41e00000
40c00000
40000000
40400000
40400000
00000000
00000000
40800000
3f800000
41880000
42200000
41b80000
420c0000
41600000
3f800000
41100000
41400000
41200000
41500000
41400000
41500000
41500000
41800000
41400000
43170000
430f0000
43050000
430b0000
3f800000
00000000
3f800000
40800000
00000000
00000000
00000000
00000000
00000000
3f800000
40c00000
41300000
41600000
40400000
41700000
41900000
3f800000
41700000
41300000
43060000
43110000
42a80000
40c00000
41400000
41300000
41300000
41200000
41800000
3f800000
00000000
40000000
00000000
40000000
3f800000
00000000
40e00000
40c00000
41000000
40400000
41600000
42040000
41a80000
420c0000
42500000
41400000
41400000
41600000
41400000
41700000
41800000
41700000
41600000
43060000
43020000
43000000
43000000
41700000
40000000
00000000
3f800000
3f800000
00000000
40800000
3f800000
3f800000
41980000
40c00000
41100000
40e00000
40400000
3f800000
40400000
40400000
420c0000
41e00000
3f800000
42fc0000
42d60000
43080000
40800000
41200000
41300000
41100000
41200000
41800000
00000000
00000000
40c00000
41000000
00000000
40400000
41000000
41900000
40000000
00000000
3f800000
41500000
41200000
41200000
41300000
41300000
41300000
41300000
41600000
41880000
41500000
41700000
41800000
42f60000
42fc0000
42dc0000
42e60000
42f40000
41800000
00000000
00000000
40400000
3f800000
40400000
40000000
3f800000
00000000
40800000
00000000
41200000
40400000
40800000
40c00000
40e00000
420c0000
42920000
3f800000
41800000
42ac0000
43240000
41880000
41100000
41200000
41100000
41200000
40400000
3f800000
00000000
00000000
40000000
3f800000
3f800000
41400000
42000000
00000000
40000000
40c00000
41300000
41000000
41100000
41200000
41400000
41300000
41400000
41600000
41500000
41700000
41500000
41400000
430f0000
43060000
42fc0000
43000000
42e20000
42de0000
41d00000
00000000
00000000
40000000
00000000
3f800000
40800000
3f800000
40000000
00000000
00000000
00000000
40400000
40a00000
41000000
41200000
41d00000
41300000
41700000
41500000
42bc0000
42bc0000
42a60000
42240000
41900000
40e00000
40800000
40c00000
40c00000
3f800000
40a00000
40400000
00000000
40c00000
41b00000
3f800000
3f800000
40a00000
41300000
41300000
41300000
41100000
41300000
41500000
41500000
41300000
41600000
41400000
41500000
41500000
43180000
431d0000
430d0000
42f00000
42d40000
42f60000
42d20000
00000000
41200000
40000000
40000000
3f800000
421c0000
42180000
40000000
00000000
40e00000
41100000
40a00000
40000000
40e00000
40800000
40a00000
429a0000
3f800000
42b00000
42b80000
42340000
40400000
41b00000
42180000
40e00000
40e00000
41400000
40400000
3f800000
3f800000
40000000
00000000
00000000
00000000
00000000
40800000
42d00000
41000000
41200000
41300000
41200000
41200000
41400000
41500000
41400000
41400000
41800000
41880000
41400000
430e0000
430e0000
431a0000
431d0000
431d0000
43190000
43090000
42be0000
41700000
426c0000
430a0000
43380000
431d0000
42380000
42940000
00000000
41500000
00000000
40800000
41000000
40c00000
41100000
41300000
42840000
41c00000
43010000
43040000
42a80000
41200000
41100000
41000000
41400000
41000000
41100000
41600000
00000000
3f800000
00000000
40000000
00000000
00000000
00000000
42140000
41400000
41400000
41500000
41300000
41300000
41400000
41400000
41400000
41600000
41500000
41300000
41700000
41800000
42fa0000
43030000
43110000
43170000
430f0000
43260000
43290000
431a0000
431c0000
43140000
42ec0000
42800000
41e80000
41e00000
42000000
42820000
3f800000
40800000
40c00000
40800000
40a00000
40e00000
41500000
00000000
42700000
429c0000
42dc0000
42f60000
40a00000
40e00000
40e00000
41000000
41000000
41200000
3f800000
42960000
00000000
40400000
40000000
40a00000
3f800000
41400000
42c20000
40e00000
41880000
41200000
41100000
41500000
41500000
41500000
41400000
41400000
41400000
41500000
41300000
41400000
42a80000
42e20000
42ee0000
42f20000
43050000
43020000
43000000
42fe0000
42f60000
42ca0000
42580000
41c80000
42080000
42200000
41d00000
42880000
40a00000
40800000
40c00000
40c00000
40e00000
41000000
41300000
41100000
40a00000
3f800000
41500000
43120000
41f80000
41000000
41100000
40e00000
41200000
41000000
41200000
425c0000
41f80000
41600000
41400000
41700000
40a00000
40e00000
41b00000
41a80000
41700000
41300000
41500000
41300000
41500000
41400000
41700000
41300000
41500000
41400000
41300000
41300000
41700000
41600000
428c0000
42e00000
42f00000
42e60000
42fa0000
42ee0000
42d20000
428c0000
425c0000
42400000
41980000
41880000
41980000
420c0000
42ac0000
40c00000
40400000
41200000
41100000
40400000
41300000
41000000
40000000
42080000
428a0000
41000000
41c00000
41300000
40c00000
40e00000
41300000
41c80000
41800000
42820000
42200000
41500000
41200000
41600000
41200000
41300000
41200000
41700000
41c00000
41400000
41400000
41400000
41800000
41600000
41200000
41500000
41500000
41600000
41000000
41600000
40c00000
41000000
41e80000
42c20000
42c60000
42c00000
42dc0000
42ec0000
43010000
430d0000
43090000
42f60000
42d80000
42de0000
42d40000
42600000
42b60000
41b00000
40800000
41800000
40a00000
3f800000
40000000
40400000
42ac0000
420c0000
42580000
42340000
42100000
41200000
41100000
41200000
42580000
41500000
42800000
42ec0000
40c00000
41700000
41300000
41300000
41500000
41500000
41400000
41e00000
41b80000
41400000
41700000
41600000
41500000
41400000
41500000
41500000
41700000
41600000
41500000
41200000
00000000
00000000
41800000
43090000
431f0000
431e0000
43190000
43130000
42180000
42180000
42dc0000
42ea0000
42ee0000
42e60000
42fa0000
43040000
42da0000
42d80000
41a00000
3f800000
41d00000
42480000
42400000
42580000
42680000
41900000
00000000
40000000
42340000
42100000
41600000
41800000
42040000
40000000
40000000
41000000
42ec0000
42940000
41a00000
41b00000
41a00000
41700000
41a00000
424c0000
41d00000
41980000
41b80000
41c80000
43030000
41980000
41700000
41600000
41800000
41400000
40c00000
428a0000
40a00000
00000000
41000000
41000000
43080000
43050000
42500000
41e00000
41c80000
41d00000
41b00000
42d00000
43080000
43020000
43030000
43080000
43050000
43100000
431d0000
42fe0000
41500000
41800000
3f800000
41800000
00000000
40c00000
40400000
00000000
3f800000
41000000
41700000
41600000
41000000
40400000
41200000
41500000
41e80000
42040000
41a80000
41a80000
41a00000
420c0000
42500000
421c0000
42820000
41b80000
41c00000
41100000
41e00000
42fe0000
41800000
41500000
41e00000
42e80000
42da0000
41c80000
00000000
00000000
40400000
00000000
00000000
40000000
41000000
40c00000
41b80000
41d80000
41f00000
42040000
41e00000
41a80000
41d80000
41b00000
41d80000
41c00000
42a00000
431c0000
43210000
431f0000
431f0000
43130000
41800000
41200000
40000000
40a00000
42ae0000
41900000
41e80000
41500000
43140000
42780000
43010000
42340000
41600000
41f80000
41b00000
41600000
41e00000
41600000
41e80000
42900000
42180000
41c80000
41200000
3f800000
41100000
41300000
42da0000
41f80000
41980000
42180000
41700000
41900000
40000000
00000000
40e00000
40000000
40400000
40a00000
41100000
41300000
40800000
00000000
40000000
40c00000
42040000
41d00000
41f00000
42040000
41f80000
41d80000
41d00000
43100000
43110000
43170000
42da0000
42c40000
430e0000
42280000
41980000
41c80000
42100000
41800000
41400000
40400000
40000000
40a00000
40000000
41500000
41300000
41880000
41000000
41400000
41800000
40800000
42000000
42aa0000
42280000
42040000
43100000
42ba0000
42440000
41c80000
00000000
41c00000
41600000
41880000
41300000
41800000
40400000
00000000
00000000
00000000
3f800000
00000000
00000000
41700000
41a80000
40000000
40000000
40800000
00000000
00000000
3f800000
41e00000
41d80000
41e80000
42140000
41d00000
42680000
431a0000
43240000
42980000
42600000
40e00000
41200000
42ba0000
42300000
42780000
41c00000
40400000
40000000
41200000
41e80000
422c0000
42040000
41e80000
41100000
41200000
41600000
41200000
41300000
41c80000
41000000
41c80000
42d20000
42c00000
41000000
3f800000
42e00000
42700000
41b80000
41880000
40a00000
41a00000
00000000
00000000
00000000
40000000
00000000
00000000
40400000
41000000
41000000
40800000
3f800000
40400000
40800000
3f800000
3f800000
3f800000
40800000
42640000
42240000
420c0000
41e00000
41e80000
42bc0000
43210000
42e40000
42340000
42b20000
40c00000
40a00000
41000000
40800000
41800000
41100000
40a00000
42040000
41c80000
42240000
42040000
41800000
41600000
41b80000
41600000
41700000
41980000
41880000
41a80000
41e00000
42680000
41700000
41a80000
42340000
42f40000
431e0000
430f0000
42b60000
41800000
3f800000
00000000
00000000
3f800000
00000000
00000000
00000000
41400000
41200000
41600000
40000000
3f800000
40400000
40000000
40800000
40400000
42ca0000
42a00000
42a20000
429c0000
42340000
42540000
42140000
42000000
42e00000
43290000
432f0000
40800000
00000000
40800000
42960000
41800000
430a0000
41700000
40000000
3f800000
42340000
41d00000
41700000
41200000
41900000
420c0000
41980000
40000000
41c80000
41a00000
41600000
41300000
41200000
41500000
42800000
41000000
41880000
41000000
433c0000
428a0000
40400000
3f800000
00000000
40800000
3f800000
00000000
00000000
40e00000
41600000
42200000
40400000
40000000
40000000
3f800000
40000000
3f800000
42b60000
42920000
42580000
42640000
420c0000
425c0000
42c60000
429e0000
42940000
42100000
43310000
43320000
41200000
43250000
41900000
42380000
42240000
41300000
41100000
41800000
42040000
41f80000
41400000
41700000
41500000
41c80000
41700000
41200000
41c00000
41c80000
41600000
41880000
41700000
41500000
40400000
40800000
40e00000
41c00000
43120000
41a00000
40e00000
40e00000
40400000
3f800000
00000000
3f800000
40400000
40e00000
42380000
40a00000
00000000
41000000
40c00000
40800000
42a40000
00000000
42b00000
42100000
42180000
42180000
41e00000
41900000
428a0000
422c0000
429c0000
42ae0000
42840000
43200000
433f0000
433c0000
42e20000
41d80000
41200000
42080000
40800000
40400000
40400000
422c0000
41500000
41880000
3f800000
40e00000
40400000
41600000
40400000
40000000
41100000
41c00000
42a80000
00000000
40000000
41880000
41600000
41000000
42f40000
42100000
41400000
41500000
41000000
40400000
00000000
3f800000
40a00000
422c0000
40e00000
3f800000
40000000
40000000
41900000
41300000
41600000
41f80000
41d80000
424c0000
41f00000
41f80000
41b00000
41880000
41a80000
42680000
427c0000
42e40000
41900000
42540000
3f800000
41200000
40000000
41a00000
42000000
42f80000
41a80000
40e00000
41880000
41c00000
41880000
41400000
41880000
41100000
40c00000
41200000
41100000
41600000
41300000
41400000
42240000
40e00000
40400000
41700000
41100000
40000000
42ae0000
40000000
41400000
41800000
41600000
41800000
40000000
40800000
40400000
40a00000
00000000
41000000
3f800000
41000000
00000000
41e80000
420c0000
42ba0000
40c00000
42920000
41a00000
41d80000
41b00000
41700000
41700000
41800000
42380000
41800000
42ba0000
430a0000
40a00000
41b00000
40e00000
41900000
40e00000
3f800000
40a00000
41100000
41c00000
42100000
41a80000
41980000
42000000
41800000
41300000
41c00000
41b00000
41880000
41600000
41200000
41980000
41980000
00000000
41200000
41200000
41400000
42300000
40400000
41500000
41500000
41700000
41980000
00000000
3f800000
41f00000
40800000
41000000
40000000
40800000
40400000
40000000
40400000
40a00000
41400000
40a00000
42b40000
41a80000
41b80000
41800000
41700000
41980000
41880000
41700000
42c80000
41200000
41c00000
40400000
41100000
41000000
41700000
41100000
40a00000
41500000
41d80000
41500000
41c00000
41200000
41400000
41500000
41400000
41000000
41200000
41b80000
41400000
40e00000
41100000
41600000
41d00000
41600000
41900000
40800000
41100000
42100000
41000000
41700000
41500000
41700000
41600000
00000000
40400000
41b80000
40000000
00000000
40400000
40000000
40000000
3f800000
40c00000
00000000
41880000
42300000
42960000
42180000
41c00000
41900000
41700000
40400000
43290000
42540000
42280000
43120000
40c00000
41400000
3f800000
3f800000
41a00000
40800000
41c00000
41500000
40a00000
41a80000
41800000
40800000
40a00000
3f800000
41000000
41800000
41300000
40a00000
41700000
41100000
41500000
41b00000
41700000
40800000
40e00000
41600000
40a00000
42140000
40000000
41800000
41900000
41800000
41700000
41900000
41900000
41800000
40c00000
3f800000
40400000
40800000
40400000
40800000
40800000
40a00000
41100000
42880000
40800000
42a20000
42180000
41c00000
42be0000
40a00000
40000000
41b80000
40000000
42100000
3f800000
41200000
41500000
40a00000
41b00000
41f00000
41880000
41200000
41500000
41000000
41a80000
41100000
41700000
41500000
41000000
41300000
41880000
41300000
41600000
3f800000
41b80000
41400000
41200000
40400000
41900000
41400000
41100000
422c0000
41200000
41800000
41900000
41900000
41700000
41980000
41600000
41980000
40c00000
40a00000
00000000
40c00000
00000000
00000000
41400000
40c00000
41100000
41700000
41700000
428a0000
43200000
41500000
40000000
40800000
40000000
41b80000
40e00000
40000000
3f800000
41700000
41100000
40800000
41400000
41200000
41500000
41800000
41300000
41400000
41e80000
41800000
41100000
41b00000
41b80000
41800000
41600000
41b80000
41880000
42940000
41f00000
41980000
40000000
40800000
41800000
40800000
427c0000
42080000
40000000
41900000
41600000
41980000
41800000
41880000
41a00000
41b00000
40400000
40400000
40c00000
40a00000
41800000
40400000
41100000
41000000
40400000
41100000
41200000
41200000
429c0000
41d00000
41900000
41880000
42f00000
41900000
41a80000
40800000
40800000
40c00000
40c00000
40e00000
40a00000
41880000
41000000
41500000
41600000
41400000
41f80000
41400000
41e00000
41500000
41100000
41500000
41600000
41500000
41c00000
41700000
41600000
41400000
41900000
41880000
41000000
41b00000
41880000
40000000
41e80000
41400000
41600000
41880000
41b80000
41500000
41700000
40a00000
40e00000
40a00000
40800000
41700000
40c00000
40800000
40e00000
3f800000
40400000
40800000
40e00000
40a00000
42b20000
41c00000
41980000
41880000
42540000
41000000
40800000
41e80000
40400000
41000000
41300000
40a00000
40e00000
41e80000
40c00000
41100000
3f800000
41000000
41300000
41f00000
41700000
41600000
40a00000
41500000
41700000
41a00000
41c00000
41600000
40400000
41500000
41d80000
40e00000
41100000
40800000
41000000
41900000
41980000
41880000
41400000
41100000
41200000
40e00000
3f800000
3f800000
41800000
40e00000
40e00000
41400000
40000000
3f800000
40800000
41400000
40800000
3f800000
40400000
41300000
42400000
41e00000
41700000
41800000
42700000
40800000
40a00000
41880000
40400000
41300000
40400000
40e00000
40a00000
41400000
40400000
41880000
41500000
41700000
41980000
41200000
41000000
41300000
41500000
40e00000
41000000
41400000
41600000
41800000
41b00000
41b00000
41400000
41e00000
41800000
41600000
41100000
40000000
41200000
41880000
40800000
40800000
40800000
40a00000
41900000
41a80000
42000000
41100000
40a00000
41a80000
41300000
00000000
3f800000
00000000
00000000
40a00000
41c00000
41000000
00000000
42600000
41700000
40a00000
41200000
40800000
00000000
3f800000
40800000
40400000
40a00000
41500000
41a00000
41300000
41300000
41100000
41980000
41200000
40e00000
41980000
41100000
41700000
41400000
41000000
41c00000
41800000
41b00000
41900000
41d00000
41880000
41d80000
41e00000
41100000
41100000
41200000
41900000
41a80000
41880000
40c00000
40800000
3f800000
40400000
40000000
41100000
42200000
40400000
41200000
40800000
40e00000
3f800000
40e00000
3f800000
3f800000
3f800000
40800000
40e00000
40e00000
425c0000
41900000
40c00000
40a00000
40800000
40000000
40800000
41000000
40e00000
41400000
41100000
40a00000
41700000
41a80000
41980000
41880000
41400000
41400000
41300000
41800000
41000000
41b00000
41a00000
41880000
41100000
41880000
41400000
41a00000
41500000
41a00000
41980000
41100000
40a00000
41700000
41400000
40c00000
41600000
41a00000
41400000
40e00000
40c00000
3f800000
00000000
40e00000
41200000
40e00000
40a00000
40a00000
40000000
00000000
3f800000
40400000
40400000
40000000
40a00000
40400000
41880000
41800000
40c00000
40c00000
40000000
41500000
00000000
41700000
40000000
00000000
41100000
41200000
41900000
41980000
41600000
41900000
41300000
40e00000
41700000
41300000
41500000
41980000
41a00000
41d00000
41300000
41600000
41b80000
40e00000
41400000
41300000
41880000
41700000
41600000
41700000
41a80000
40800000
41400000
41200000
40400000
40800000
3f800000
00000000
40400000
40a00000
42240000
00000000
40e00000
00000000
40800000
40800000
40c00000
00000000
40000000
41200000
40c00000
41f00000
40400000
40800000
41500000
41000000
41600000
41200000
41100000
41100000
41100000
41600000
41200000
40400000
41880000
41300000
41500000
41800000
41400000
41500000
41100000
41400000
41b00000
41980000
41700000
41a80000
41500000
41a80000
41b80000
41b00000
41d00000
41200000
41880000
41700000
41880000
41400000
40000000
40400000
41000000
41900000
40a00000
40c00000
3f800000
40a00000
00000000
40400000
40e00000
00000000
40400000
40c00000
00000000
40000000
00000000
3f800000
41000000
40c00000
40000000
41000000
40400000
3f800000
41300000
00000000
40400000
00000000
00000000
3f800000
41100000
40800000
41100000
40e00000
41880000
40400000
41880000
41400000
41900000
41b80000
41500000
40a00000
41a80000
41700000
41b00000
41b80000
41b80000
41200000
40a00000
41600000
41900000
41300000
41500000
40800000
41700000
41100000
41700000
40e00000
41500000
41800000
40000000
40000000
3f800000
00000000
3f800000
00000000
3f800000
3f800000
3f800000
3f800000
40000000
00000000
40a00000
00000000
40800000
40000000
41200000
3f800000
40a00000
00000000
3f800000
41100000
3f800000
00000000
00000000
41000000
40800000
41700000
41000000
41300000
40400000
41800000
41600000
41100000
41500000
41880000
40e00000
41880000
41d80000
41100000
41700000
41500000
41980000
41a80000
41800000
41300000
41700000
41500000
41d00000
41300000
41100000
41900000
40c00000
40c00000
